2 0.5109126984126984 0.5357142857142857 0.09325396825396826 0.18783068783068782
2 0.20188492063492064 0.08531746031746032 0.04861111111111111 0.056878306878306875
2 0.6140873015873016 0.531084656084656 0.10912698412698413 0.16534391534391535
1 0.8080357142857143 0.1474867724867725 0.028769841269841268 0.03571428571428571
1 0.48660714285714285 0.4689153439153439 0.07242063492063493 0.10449735449735449
1 0.08779761904761904 0.1693121693121693 0.0744047619047619 0.06878306878306878
1 0.013392857142857142 0.2056878306878307 0.026785714285714284 0.04894179894179894
1 0.26240079365079366 0.041666666666666664 0.028769841269841268 0.03571428571428571
1 0.025793650793650792 0.501984126984127 0.0496031746031746 0.1283068783068783
1 0.19196428571428573 0.5231481481481481 0.05257936507936508 0.08068783068783068
1 0.11805555555555555 0.1402116402116402 0.05555555555555555 0.05026455026455026
1 0.22271825396825398 0.29034391534391535 0.10813492063492064 0.15211640211640212
