1 0.7941468253968254 0.49603174603174605 0.18154761904761904 0.3201058201058201
1 0.6150793650793651 0.2056878306878307 0.10912698412698413 0.14153439153439154
1 0.9206349206349206 0.021825396825396824 0.04365079365079365 0.04365079365079365
1 0.4201388888888889 0.4365079365079365 0.1001984126984127 0.15873015873015872
1 0.3521825396825397 0.291005291005291 0.05555555555555555 0.07671957671957672
1 0.5704365079365079 0.06084656084656084 0.08928571428571429 0.10582010582010581
1 0.3556547619047619 0.5595238095238095 0.09424603174603174 0.18253968253968253
1 0.45436507936507936 0.296957671957672 0.09126984126984126 0.14682539682539683
1 0.21676587301587302 0.6521164021164021 0.17559523809523808 0.31746031746031744
1 0.5873015873015873 0.4166666666666667 0.14682539682539683 0.21164021164021163
