0 0.33978174603174605 0.6183862433862434 0.10416666666666667 0.15211640211640212
0 0.4444444444444444 0.6097883597883598 0.10515873015873016 0.18783068783068782
0 0.7782738095238095 0.23412698412698413 0.05853174603174603 0.09523809523809523
0 0.2876984126984127 0.38425925925925924 0.11507936507936507 0.12301587301587301
1 0.6790674603174603 0.27116402116402116 0.04662698412698413 0.07407407407407407
1 0.8010912698412699 0.3776455026455027 0.07242063492063493 0.07275132275132275
1 0.5372023809523809 0.6567460317460317 0.08035714285714286 0.17592592592592593
1 0.26686507936507936 0.289021164021164 0.08134920634920635 0.08597883597883597
1 0.4181547619047619 0.5317460317460317 0.0744047619047619 0.082010582010582
1 0.2698412698412698 0.5066137566137566 0.12698412698412698 0.10052910052910052
1 0.07093253968253968 0.19973544973544974 0.03869047619047619 0.06878306878306878
1 0.8804563492063492 0.22156084656084657 0.028769841269841268 0.041005291005291
