0 0.6011904761904762 0.4298941798941799 0.09523809523809523 0.15873015873015872
2 0.5277777777777778 0.18518518518518517 0.1746031746031746 0.20899470899470898
2 0.3844246031746032 0.458994708994709 0.09226190476190477 0.1746031746031746
1 0.2628968253968254 0.45965608465608465 0.10714285714285714 0.15476190476190477
1 0.4955357142857143 0.42857142857142855 0.11408730158730158 0.1931216931216931
1 0.3472222222222222 0.2347883597883598 0.1130952380952381 0.21031746031746032
1 0.6334325396825397 0.1302910052910053 0.08432539682539683 0.08597883597883597
1 0.46478174603174605 0.5806878306878307 0.05654761904761905 0.09788359788359788
1 0.689484126984127 0.24404761904761904 0.03968253968253968 0.062169312169312166
1 0.439484126984127 0.6441798941798942 0.07142857142857142 0.1111111111111111
1 0.1185515873015873 0.3445767195767196 0.05654761904761905 0.08333333333333333
