0 0.37202380952380953 0.021825396825396824 0.07341269841269842 0.04365079365079365
0 0.2222222222222222 0.021825396825396824 0.06746031746031746 0.04365079365079365
0 0.501984126984127 0.3869047619047619 0.07738095238095238 0.1335978835978836
0 0.19642857142857142 0.10052910052910052 0.1130952380952381 0.09523809523809523
2 0.7375992063492064 0.4576719576719577 0.09623015873015874 0.18253968253968253
2 0.8229166666666666 0.4451058201058201 0.07242063492063493 0.1626984126984127
2 0.6507936507936508 0.4080687830687831 0.07738095238095238 0.14153439153439154
1 0.908234126984127 0.4728835978835979 0.05257936507936508 0.06746031746031746
1 0.5510912698412699 0.0291005291005291 0.03273809523809524 0.03968253968253968
1 0.5773809523809523 0.4781746031746032 0.0496031746031746 0.08862433862433862
1 0.310515873015873 0.06084656084656084 0.03571428571428571 0.042328042328042326
1 0.6870039682539683 0.14285714285714285 0.03273809523809524 0.05026455026455026
1 0.2951388888888889 0.1527777777777778 0.05654761904761905 0.07539682539682539
1 0.7673611111111112 0.35383597883597884 0.04861111111111111 0.09391534391534391
