0 0.6974206349206349 0.628968253968254 0.10119047619047619 0.20502645502645503
0 0.6081349206349206 0.4041005291005291 0.10714285714285714 0.1574074074074074
0 0.3149801587301587 0.37037037037037035 0.05654761904761905 0.1111111111111111
0 0.9697420634920635 0.14351851851851852 0.050595238095238096 0.07539682539682539
2 0.5739087301587301 0.2566137566137566 0.13194444444444445 0.11904761904761904
1 0.7757936507936508 0.3776455026455027 0.07142857142857142 0.062169312169312166
1 0.5069444444444444 0.5337301587301587 0.047619047619047616 0.0701058201058201
1 0.03869047619047619 0.5119047619047619 0.04365079365079365 0.06349206349206349
1 0.03571428571428571 0.17592592592592593 0.047619047619047616 0.05555555555555555
1 0.23214285714285715 0.4781746031746032 0.08928571428571429 0.09391534391534391
1 0.845734126984127 0.2705026455026455 0.040674603174603176 0.041005291005291
1 0.623015873015873 0.17063492063492064 0.05555555555555555 0.06349206349206349
1 0.5426587301587301 0.14087301587301587 0.027777777777777776 0.03571428571428571
