0 0.5451388888888888 0.46296296296296297 0.08432539682539683 0.21164021164021163
1 0.6274801587301587 0.4583333333333333 0.08035714285714286 0.11507936507936507
0 0.6195436507936508 0.5231481481481481 0.060515873015873016 0.10185185185185185
1 0.3273809523809524 0.0291005291005291 0.07142857142857142 0.0582010582010582
1 0.4751984126984127 0.4828042328042328 0.05357142857142857 0.07671957671957672
1 0.9682539682539683 0.07671957671957672 0.061507936507936505 0.06613756613756613
1 0.6577380952380952 0.41534391534391535 0.03968253968253968 0.06613756613756613
1 0.4439484126984127 0.43915343915343913 0.08630952380952381 0.14814814814814814
1 0.48759920634920634 0.3921957671957672 0.030753968253968252 0.05952380952380952
1 0.42757936507936506 0.4966931216931217 0.047619047619047616 0.056878306878306875
