0 0.8695436507936508 0.06746031746031746 0.07837301587301587 0.09259259259259259
0 0.6418650793650794 0.4828042328042328 0.12896825396825398 0.17195767195767195
0 0.7842261904761905 0.12764550264550265 0.0744047619047619 0.0701058201058201
1 0.9012896825396826 0.2830687830687831 0.11210317460317461 0.10582010582010581
1 0.24751984126984128 0.09259259259259259 0.06448412698412699 0.04497354497354497
1 0.2876984126984127 0.03373015873015873 0.047619047619047616 0.056878306878306875
1 0.0441468253968254 0.057539682539682536 0.06646825396825397 0.062169312169312166
1 0.23859126984126985 0.3029100529100529 0.05654761904761905 0.07671957671957672
1 0.08878968253968254 0.3167989417989418 0.044642857142857144 0.06481481481481481
1 0.3635912698412698 0.30753968253968256 0.10416666666666667 0.11772486772486772
