0 0.7316468253968254 0.41865079365079366 0.09623015873015874 0.2605820105820106
2 0.2951388888888889 0.3194444444444444 0.09226190476190477 0.1283068783068783
2 0.3898809523809524 0.31613756613756616 0.025793650793650792 0.042328042328042326
1 0.7931547619047619 0.37632275132275134 0.0625 0.09656084656084656
1 0.34325396825396826 0.20171957671957672 0.07539682539682539 0.09656084656084656
1 0.28174603174603174 0.5066137566137566 0.047619047619047616 0.11904761904761904
1 0.5927579365079365 0.0496031746031746 0.0625 0.08597883597883597
1 0.4623015873015873 0.1931216931216931 0.02976190476190476 0.03968253968253968
1 0.6388888888888888 0.5654761904761905 0.07341269841269842 0.14417989417989419
1 0.2003968253968254 0.19113756613756613 0.10317460317460317 0.0992063492063492
1 0.5629960317460317 0.27116402116402116 0.030753968253968252 0.03968253968253968
1 0.2286706349206349 0.3630952380952381 0.040674603174603176 0.0701058201058201
1 0.061507936507936505 0.2123015873015873 0.02976190476190476 0.03306878306878307
1 0.4439484126984127 0.33664021164021163 0.04861111111111111 0.062169312169312166
1 0.15079365079365079 0.3392857142857143 0.06944444444444445 0.05952380952380952
1 0.5069444444444444 0.25793650793650796 0.051587301587301584 0.09259259259259259
1 0.02132936507936508 0.1335978835978836 0.04265873015873016 0.07407407407407407
