2 0.6473214285714286 0.5925925925925926 0.18353174603174602 0.34656084656084657
2 0.44345238095238093 0.5502645502645502 0.15674603174603174 0.30158730158730157
1 0.23363095238095238 0.40674603174603174 0.07837301587301587 0.11772486772486772
1 0.0689484126984127 0.041666666666666664 0.06646825396825397 0.07275132275132275
1 0.7127976190476191 0.3082010582010582 0.040674603174603176 0.05291005291005291
1 0.5803571428571429 0.11044973544973545 0.03968253968253968 0.056878306878306875
1 0.16865079365079366 0.1421957671957672 0.031746031746031744 0.041005291005291
1 0.09821428571428571 0.375 0.0496031746031746 0.056878306878306875
1 0.2881944444444444 0.6091269841269841 0.11805555555555555 0.21031746031746032
1 0.7748015873015873 0.7420634920634921 0.07341269841269842 0.10317460317460317
