0 0.3804563492063492 0.4966931216931217 0.12400793650793651 0.1865079365079365
0 0.7951388888888888 0.30224867724867727 0.1259920634920635 0.10449735449735449
2 0.7450396825396826 0.2361111111111111 0.10912698412698413 0.10714285714285714
1 0.6483134920634921 0.376984126984127 0.0763888888888889 0.10582010582010581
1 0.6403769841269841 0.14285714285714285 0.06646825396825397 0.06613756613756613
1 0.6656746031746031 0.2447089947089947 0.041666666666666664 0.06349206349206349
1 0.5486111111111112 0.6130952380952381 0.08134920634920635 0.13624338624338625
1 0.14484126984126985 0.16732804232804233 0.0992063492063492 0.09391534391534391
1 0.028769841269841268 0.10714285714285714 0.057539682539682536 0.10052910052910052
1 0.19196428571428573 0.5052910052910053 0.11408730158730158 0.1455026455026455
