0 0.716765873015873 0.5277777777777778 0.1359126984126984 0.24338624338624337
2 0.8045634920634921 0.21296296296296297 0.15873015873015872 0.21428571428571427
2 0.279265873015873 0.7314814814814815 0.1378968253968254 0.24338624338624337
1 0.6359126984126984 0.4080687830687831 0.06944444444444445 0.10714285714285714
1 0.40327380952380953 0.6335978835978836 0.08432539682539683 0.18253968253968253
1 0.3125 0.5575396825396826 0.09325396825396826 0.1626984126984127
1 0.5749007936507936 0.26521164021164023 0.03869047619047619 0.05423280423280423
1 0.5208333333333334 0.25132275132275134 0.0496031746031746 0.08994708994708994
1 0.19246031746031747 0.5641534391534392 0.07341269841269842 0.0992063492063492
1 0.5491071428571429 0.3974867724867725 0.07837301587301587 0.14417989417989419
