0 0.5079365079365079 0.5859788359788359 0.057539682539682536 0.1164021164021164
2 0.6840277777777778 0.4384920634920635 0.06448412698412699 0.08068783068783068
2 0.5079365079365079 0.5859788359788359 0.05555555555555555 0.11375661375661375
1 0.5912698412698413 0.34325396825396826 0.02976190476190476 0.03835978835978836
1 0.19642857142857142 0.32605820105820105 0.02976190476190476 0.03835978835978836
1 0.7088293650793651 0.531084656084656 0.03869047619047619 0.04365079365079365
1 0.30357142857142855 0.5396825396825397 0.051587301587301584 0.10582010582010581
1 0.5476190476190477 0.5403439153439153 0.037698412698412696 0.04894179894179894
1 0.7375992063492064 0.5952380952380952 0.050595238095238096 0.08994708994708994
1 0.40128968253968256 0.19378306878306878 0.0248015873015873 0.03835978835978836
