0 0.5997023809523809 0.45965608465608465 0.08432539682539683 0.1626984126984127
1 0.9880952380952381 0.2123015873015873 0.021825396825396824 0.046296296296296294
1 0.5084325396825397 0.31084656084656087 0.04265873015873016 0.05555555555555555
1 0.5560515873015873 0.33994708994708994 0.07837301587301587 0.09259259259259259
1 0.4409722222222222 0.2156084656084656 0.08432539682539683 0.082010582010582
1 0.3080357142857143 0.35119047619047616 0.04861111111111111 0.07539682539682539
1 0.7118055555555556 0.5066137566137566 0.050595238095238096 0.082010582010582
1 0.3819444444444444 0.26322751322751325 0.06944444444444445 0.09259259259259259
1 0.4494047619047619 0.1283068783068783 0.05357142857142857 0.06878306878306878
1 0.24305555555555555 0.37433862433862436 0.047619047619047616 0.07142857142857142
