0 0.527281746031746 0.5376984126984127 0.09027777777777778 0.12301587301587301
0 0.8516865079365079 0.5641534391534392 0.1001984126984127 0.0992063492063492
2 0.5109126984126984 0.3525132275132275 0.07142857142857142 0.0992063492063492
2 0.527281746031746 0.5376984126984127 0.08630952380952381 0.12301587301587301
1 0.1671626984126984 0.31216931216931215 0.034722222222222224 0.03968253968253968
1 0.6775793650793651 0.5621693121693122 0.03571428571428571 0.06084656084656084
1 0.41220238095238093 0.546957671957672 0.09623015873015874 0.12037037037037036
1 0.09474206349206349 0.9120370370370371 0.03670634920634921 0.062169312169312166
1 0.9677579365079365 0.330026455026455 0.06448412698412699 0.08068783068783068
1 0.1691468253968254 0.375 0.030753968253968252 0.12037037037037036
