0 0.5783730158730159 0.44246031746031744 0.1130952380952381 0.1865079365079365
2 0.3447420634920635 0.32341269841269843 0.1736111111111111 0.167989417989418
2 0.4861111111111111 0.3445767195767196 0.10119047619047619 0.15211640211640212
1 0.5347222222222222 0.541005291005291 0.06746031746031746 0.10582010582010581
1 0.7524801587301587 0.6183862433862434 0.09424603174603174 0.19973544973544974
1 0.4444444444444444 0.20238095238095238 0.057539682539682536 0.07671957671957672
1 0.3373015873015873 0.49206349206349204 0.057539682539682536 0.06084656084656084
1 0.46081349206349204 0.4781746031746032 0.034722222222222224 0.05423280423280423
1 0.8764880952380952 0.083994708994709 0.034722222222222224 0.05423280423280423
1 0.6780753968253969 0.44113756613756616 0.04861111111111111 0.0701058201058201
