0 0.08333333333333333 0.28174603174603174 0.1349206349206349 0.12433862433862433
2 0.7470238095238095 0.24074074074074073 0.07738095238095238 0.09523809523809523
2 0.40029761904761907 0.3974867724867725 0.0744047619047619 0.10449735449735449
1 0.3933531746031746 0.5033068783068783 0.06845238095238096 0.09391534391534391
1 0.5734126984126984 0.33465608465608465 0.037698412698412696 0.05026455026455026
1 0.654265873015873 0.2804232804232804 0.034722222222222224 0.037037037037037035
1 0.18303571428571427 0.15542328042328044 0.04265873015873016 0.046296296296296294
1 0.12549603174603174 0.023148148148148147 0.028769841269841268 0.027777777777777776
1 0.6691468253968254 0.23412698412698413 0.034722222222222224 0.047619047619047616
1 0.8427579365079365 0.3029100529100529 0.08234126984126984 0.08465608465608465
1 0.17807539682539683 0.37566137566137564 0.05654761904761905 0.0873015873015873
