0 0.6622023809523809 0.6527777777777778 0.1359126984126984 0.21825396825396826
0 0.1865079365079365 0.1931216931216931 0.12301587301587301 0.12433862433862433
1 0.5218253968253969 0.36904761904761907 0.06746031746031746 0.10846560846560846
1 0.5347222222222222 0.23346560846560846 0.05555555555555555 0.0701058201058201
1 0.5590277777777778 0.5099206349206349 0.050595238095238096 0.11772486772486772
1 0.7822420634920635 0.08796296296296297 0.040674603174603176 0.05952380952380952
1 0.5029761904761905 0.626984126984127 0.05357142857142857 0.05555555555555555
1 0.9890873015873016 0.18253968253968253 0.017857142857142856 0.07142857142857142
1 0.4652777777777778 0.43716931216931215 0.08134920634920635 0.1335978835978836
1 0.654265873015873 0.5138888888888888 0.11607142857142858 0.14682539682539683
