1 0.24454365079365079 0.9351851851851852 0.0744047619047619 0.11904761904761904
1 0.38740079365079366 0.9173280423280423 0.08432539682539683 0.1574074074074074
1 0.4618055555555556 0.6521164021164021 0.034722222222222224 0.05291005291005291
0 0.33630952380952384 0.5588624338624338 0.06746031746031746 0.15211640211640212
2 0.5610119047619048 0.5978835978835979 0.0625 0.1111111111111111
1 0.6264880952380952 0.5813492063492064 0.11607142857142858 0.20767195767195767
0 0.7083333333333334 0.40145502645502645 0.12896825396825398 0.21296296296296297
1 0.8561507936507936 0.7341269841269841 0.023809523809523808 0.03968253968253968
1 0.9846230158730159 0.16666666666666666 0.028769841269841268 0.07936507936507936
1 0.8779761904761905 0.041005291005291 0.07341269841269842 0.082010582010582
