0 0.6369047619047619 0.5264550264550265 0.10714285714285714 0.1693121693121693
0 0.13095238095238096 0.03373015873015873 0.05555555555555555 0.06746031746031746
2 0.13095238095238096 0.19444444444444445 0.1527777777777778 0.1402116402116402
1 0.40029761904761907 0.5595238095238095 0.05654761904761905 0.10052910052910052
1 0.08482142857142858 0.5324074074074074 0.03670634920634921 0.041005291005291
1 0.07192460317460317 0.15873015873015872 0.060515873015873016 0.06084656084656084
1 0.28621031746031744 0.6256613756613757 0.044642857142857144 0.05291005291005291
1 0.6051587301587301 0.45171957671957674 0.025793650793650792 0.046296296296296294
1 0.8650793650793651 0.1693121693121693 0.037698412698412696 0.05026455026455026
1 0.06994047619047619 0.06415343915343916 0.05257936507936508 0.056878306878306875
