0 0.7624007936507936 0.3584656084656085 0.0882936507936508 0.11375661375661375
2 0.4756944444444444 0.5132275132275133 0.1001984126984127 0.17195767195767195
2 0.7371031746031746 0.27116402116402116 0.10515873015873016 0.07936507936507936
1 0.6130952380952381 0.4193121693121693 0.04563492063492063 0.05555555555555555
1 0.1810515873015873 0.30092592592592593 0.06845238095238096 0.07275132275132275
1 0.8115079365079365 0.5443121693121693 0.027777777777777776 0.03835978835978836
1 0.7013888888888888 0.14087301587301587 0.051587301587301584 0.056878306878306875
1 0.24057539682539683 0.44841269841269843 0.030753968253968252 0.03968253968253968
1 0.7366071428571429 0.5548941798941799 0.04662698412698413 0.062169312169312166
1 0.8313492063492064 0.46296296296296297 0.027777777777777776 0.031746031746031744
1 0.14384920634920634 0.44576719576719576 0.025793650793650792 0.026455026455026454
1 0.6021825396825397 0.5337301587301587 0.047619047619047616 0.046296296296296294
1 0.7529761904761905 0.20171957671957672 0.11507936507936507 0.07804232804232804
1 0.9657738095238095 0.4947089947089947 0.03670634920634921 0.037037037037037035
