1 0.0992063492063492 0.30753968253968256 0.1130952380952381 0.11507936507936507
1 0.435515873015873 0.17923280423280424 0.07936507936507936 0.07275132275132275
1 0.2896825396825397 0.39351851851851855 0.051587301587301584 0.07539682539682539
1 0.25595238095238093 0.4775132275132275 0.0496031746031746 0.07142857142857142
1 0.10466269841269842 0.5277777777777778 0.0882936507936508 0.10846560846560846
0 0.5481150793650794 0.45634920634920634 0.10218253968253968 0.15079365079365079
1 0.6160714285714286 0.33465608465608465 0.125 0.10052910052910052
1 0.7063492063492064 0.33134920634920634 0.05555555555555555 0.07804232804232804
1 0.6309523809523809 0.43783068783068785 0.061507936507936505 0.14814814814814814
1 0.7028769841269841 0.4887566137566138 0.05654761904761905 0.08333333333333333
1 0.6909722222222222 0.6025132275132276 0.0744047619047619 0.09656084656084656
