0 0.17906746031746032 0.38822751322751325 0.09027777777777778 0.1335978835978836
2 0.5550595238095238 0.40674603174603174 0.09623015873015874 0.13624338624338625
1 0.6279761904761905 0.5052910052910053 0.05952380952380952 0.10052910052910052
1 0.1284722222222222 0.5006613756613757 0.050595238095238096 0.05952380952380952
1 0.24603174603174602 0.29365079365079366 0.02976190476190476 0.031746031746031744
1 0.15426587301587302 0.34523809523809523 0.030753968253968252 0.04497354497354497
1 0.1488095238095238 0.26256613756613756 0.027777777777777776 0.03306878306878307
1 0.33779761904761907 0.3082010582010582 0.040674603174603176 0.05555555555555555
1 0.376984126984127 0.2612433862433862 0.04563492063492063 0.07275132275132275
1 0.45634920634920634 0.032407407407407406 0.0496031746031746 0.06481481481481481
