0 0.3556547619047619 0.36507936507936506 0.11408730158730158 0.17195767195767195
0 0.2361111111111111 0.3048941798941799 0.14484126984126985 0.22883597883597884
0 0.566468253968254 0.4107142857142857 0.125 0.1970899470899471
2 0.6299603174603174 0.3611111111111111 0.13293650793650794 0.25396825396825395
2 0.46825396825396826 0.44841269841269843 0.1111111111111111 0.28835978835978837
1 0.7341269841269841 0.3134920634920635 0.06944444444444445 0.07936507936507936
1 0.20634920634920634 0.1541005291005291 0.06547619047619048 0.08068783068783068
1 0.38591269841269843 0.27116402116402116 0.06349206349206349 0.10052910052910052
1 0.7157738095238095 0.26521164021164023 0.04861111111111111 0.05952380952380952
1 0.47172619047619047 0.4173280423280423 0.04662698412698413 0.07275132275132275
