0 0.591765873015873 0.4887566137566138 0.09226190476190477 0.1917989417989418
2 0.9548611111111112 0.032407407407407406 0.08234126984126984 0.051587301587301584
1 0.06994047619047619 0.16865079365079366 0.08234126984126984 0.09391534391534391
1 0.22172619047619047 0.21296296296296297 0.03869047619047619 0.05291005291005291
1 0.13045634920634921 0.12235449735449735 0.03670634920634921 0.04365079365079365
1 0.2628968253968254 0.17328042328042328 0.05952380952380952 0.06349206349206349
1 0.498015873015873 0.46825396825396826 0.04563492063492063 0.06878306878306878
1 0.3933531746031746 0.046296296296296294 0.03670634920634921 0.05026455026455026
1 0.5882936507936508 0.08267195767195767 0.021825396825396824 0.03835978835978836
1 0.38938492063492064 0.4021164021164021 0.04662698412698413 0.0582010582010582
1 0.7757936507936508 0.5152116402116402 0.06944444444444445 0.08862433862433862
