2 0.23363095238095238 0.2771164021164021 0.14781746031746032 0.22883597883597884
1 0.40674603174603174 0.25595238095238093 0.031746031746031744 0.04365079365079365
1 0.20734126984126985 0.5853174603174603 0.0992063492063492 0.1865079365079365
1 0.07291666666666667 0.35185185185185186 0.034722222222222224 0.06613756613756613
1 0.1701388888888889 0.41865079365079366 0.03670634920634921 0.041005291005291
1 0.5248015873015873 0.5066137566137566 0.041666666666666664 0.07407407407407407
1 0.5367063492063492 0.707010582010582 0.07936507936507936 0.1574074074074074
1 0.7638888888888888 0.6197089947089947 0.0992063492063492 0.1335978835978836
1 0.8854166666666666 0.5806878306878307 0.07837301587301587 0.15079365079365079
2 0.8010912698412699 0.4576719576719577 0.1875 0.2222222222222222
2 0.7291666666666666 0.6633597883597884 0.12896825396825398 0.1970899470899471
