1 0.14087301587301587 0.0582010582010582 0.05952380952380952 0.06084656084656084
1 0.09176587301587301 0.1078042328042328 0.06646825396825397 0.09391534391534391
0 0.3055555555555556 0.12301587301587301 0.125 0.15608465608465608
1 0.45634920634920634 0.4226190476190476 0.06746031746031746 0.11772486772486772
0 0.5729166666666666 0.5 0.12797619047619047 0.21693121693121692
1 0.6374007936507936 0.3253968253968254 0.08630952380952381 0.1402116402116402
1 0.6875 0.373015873015873 0.051587301587301584 0.09523809523809523
1 0.7663690476190477 0.3955026455026455 0.09623015873015874 0.13756613756613756
1 0.8675595238095238 0.44642857142857145 0.07837301587301587 0.09656084656084656
1 0.9305555555555556 0.06878306878306878 0.07142857142857142 0.082010582010582
