0 0.6889880952380952 0.335978835978836 0.09424603174603174 0.14285714285714285
2 0.5942460317460317 0.4973544973544973 0.08928571428571429 0.12433862433862433
1 0.09722222222222222 0.08994708994708994 0.08134920634920635 0.06613756613756613
1 0.18204365079365079 0.11375661375661375 0.08035714285714286 0.10582010582010581
1 0.39285714285714285 0.43187830687830686 0.05357142857142857 0.07275132275132275
1 0.2926587301587302 0.3055555555555556 0.04365079365079365 0.047619047619047616
1 0.5049603174603174 0.39880952380952384 0.10119047619047619 0.17857142857142858
1 0.32787698412698413 0.26851851851851855 0.05257936507936508 0.09259259259259259
1 0.21428571428571427 0.04828042328042328 0.031746031746031744 0.03042328042328042
1 0.02976190476190476 0.01521164021164021 0.03571428571428571 0.03042328042328042
