1 0.23313492063492064 0.14947089947089948 0.10119047619047619 0.08994708994708994
2 0.17906746031746032 0.4107142857142857 0.1359126984126984 0.20502645502645503
1 0.28521825396825395 0.3167989417989418 0.10813492063492064 0.14947089947089948
1 0.41369047619047616 0.20238095238095238 0.10714285714285714 0.09523809523809523
1 0.49702380952380953 0.30753968253968256 0.14285714285714285 0.18915343915343916
2 0.5446428571428571 0.4444444444444444 0.09523809523809523 0.16666666666666666
2 0.6617063492063492 0.5152116402116402 0.1111111111111111 0.23941798941798942
0 0.7847222222222222 0.5284391534391535 0.125 0.18915343915343916
1 0.908234126984127 0.5231481481481481 0.06646825396825397 0.10978835978835978
1 0.019345238095238096 0.31283068783068785 0.03869047619047619 0.04894179894179894
