0 0.5277777777777778 0.37962962962962965 0.09523809523809523 0.15343915343915343
1 0.012896825396825396 0.2526455026455027 0.023809523809523808 0.09523809523809523
1 0.4320436507936508 0.35185185185185186 0.08630952380952381 0.08465608465608465
1 0.26785714285714285 0.013227513227513227 0.04563492063492063 0.026455026455026454
1 0.5168650793650794 0.0958994708994709 0.04563492063492063 0.04894179894179894
1 0.435515873015873 0.2718253968253968 0.047619047619047616 0.07539682539682539
1 0.8516865079365079 0.22023809523809523 0.05257936507936508 0.051587301587301584
1 0.4806547619047619 0.23412698412698413 0.030753968253968252 0.042328042328042326
1 0.6875 0.4444444444444444 0.08134920634920635 0.1402116402116402
1 0.6016865079365079 0.48478835978835977 0.04861111111111111 0.09391534391534391
1 0.07142857142857142 0.2837301587301587 0.06349206349206349 0.08333333333333333
