1 0.33035714285714285 0.5932539682539683 0.051587301587301584 0.08068783068783068
1 0.6314484126984127 0.29365079365079366 0.10615079365079365 0.10582010582010581
1 0.4429563492063492 0.5932539682539683 0.08035714285714286 0.14682539682539683
1 0.404265873015873 0.6488095238095238 0.05654761904761905 0.056878306878306875
1 0.6125992063492064 0.046957671957671955 0.04861111111111111 0.06746031746031746
1 0.6949404761904762 0.22817460317460317 0.09027777777777778 0.08597883597883597
1 0.7470238095238095 0.28505291005291006 0.11706349206349206 0.09391534391534391
1 0.5148809523809523 0.5555555555555556 0.09325396825396826 0.24338624338624337
1 0.7222222222222222 0.21164021164021163 0.03968253968253968 0.047619047619047616
1 0.2628968253968254 0.5932539682539683 0.06746031746031746 0.13624338624338625
