0 0.7549603174603174 0.32671957671957674 0.1488095238095238 0.22486772486772486
0 0.3784722222222222 0.15079365079365079 0.1498015873015873 0.17989417989417988
1 0.5411706349206349 0.26256613756613756 0.06646825396825397 0.08068783068783068
1 0.1527777777777778 0.5588624338624338 0.057539682539682536 0.08333333333333333
1 0.08382936507936507 0.43452380952380953 0.0882936507936508 0.15476190476190477
1 0.9533730158730159 0.3406084656084656 0.09126984126984126 0.14682539682539683
1 0.22767857142857142 0.4828042328042328 0.09027777777777778 0.16666666666666666
1 0.8725198412698413 0.3802910052910053 0.0744047619047619 0.14417989417989419
1 0.17609126984126985 0.13955026455026456 0.06448412698412699 0.04894179894179894
1 0.5892857142857143 0.34325396825396826 0.0496031746031746 0.07275132275132275
1 0.6403769841269841 0.22552910052910052 0.03670634920634921 0.05423280423280423
1 0.47271825396825395 0.13558201058201058 0.1378968253968254 0.15211640211640212
