0 0.6111111111111112 0.44775132275132273 0.08134920634920635 0.1626984126984127
0 0.3834325396825397 0.44576719576719576 0.08432539682539683 0.15608465608465608
1 0.4211309523809524 0.5681216931216931 0.03869047619047619 0.04894179894179894
1 0.7048611111111112 0.01917989417989418 0.040674603174603176 0.03571428571428571
1 0.7113095238095238 0.5324074074074074 0.05555555555555555 0.08333333333333333
1 0.7941468253968254 0.09457671957671958 0.05853174603174603 0.062169312169312166
1 0.7797619047619048 0.3253968253968254 0.07936507936507936 0.11904761904761904
1 0.49702380952380953 0.0667989417989418 0.02976190476190476 0.03835978835978836
1 0.3834325396825397 0.44642857142857145 0.08432539682539683 0.15476190476190477
1 0.8551587301587301 0.41798941798941797 0.05357142857142857 0.07671957671957672
