0 0.6741071428571429 0.5582010582010583 0.09424603174603174 0.16666666666666666
0 0.24454365079365079 0.028439153439153438 0.11210317460317461 0.056878306878306875
1 0.7872023809523809 0.03373015873015873 0.09226190476190477 0.062169312169312166
1 0.498015873015873 0.21891534391534392 0.07341269841269842 0.09656084656084656
1 0.7554563492063492 0.26785714285714285 0.08234126984126984 0.10978835978835978
1 0.8358134920634921 0.2698412698412698 0.028769841269841268 0.037037037037037035
1 0.5877976190476191 0.44642857142857145 0.060515873015873016 0.0992063492063492
1 0.7351190476190477 0.47023809523809523 0.04563492063492063 0.08862433862433862
1 0.6944444444444444 0.43452380952380953 0.02976190476190476 0.041005291005291
1 0.5679563492063492 0.03042328042328042 0.0744047619047619 0.05026455026455026
