0 0.7356150793650794 0.7718253968253969 0.10813492063492064 0.20238095238095238
0 0.5813492063492064 0.6633597883597884 0.08928571428571429 0.17328042328042328
0 0.6785714285714286 0.6825396825396826 0.09722222222222222 0.16666666666666666
0 0.32688492063492064 0.1865079365079365 0.0882936507936508 0.1164021164021164
0 0.42857142857142855 0.20767195767195767 0.15079365079365079 0.13227513227513227
1 0.7946428571428571 0.6752645502645502 0.061507936507936505 0.13624338624338625
1 0.5535714285714286 0.546957671957672 0.07738095238095238 0.14153439153439154
1 0.6870039682539683 0.6005291005291006 0.06845238095238096 0.1349206349206349
1 0.9543650793650794 0.1335978835978836 0.05555555555555555 0.0582010582010582
1 0.8745039682539683 0.1527777777777778 0.07837301587301587 0.09656084656084656
