0 0.10416666666666667 0.18452380952380953 0.10714285714285714 0.14682539682539683
2 0.23462301587301587 0.707010582010582 0.12202380952380952 0.2526455026455027
2 0.3968253968253968 0.6481481481481481 0.03373015873015873 0.0582010582010582
1 0.1284722222222222 0.582010582010582 0.07242063492063493 0.11375661375661375
1 0.33878968253968256 0.7103174603174603 0.08035714285714286 0.15873015873015872
1 0.5803571428571429 0.5205026455026455 0.03571428571428571 0.05423280423280423
1 0.16418650793650794 0.5152116402116402 0.05257936507936508 0.06481481481481481
1 0.05952380952380952 0.1349206349206349 0.047619047619047616 0.0582010582010582
1 0.5456349206349206 0.7493386243386243 0.05555555555555555 0.08862433862433862
1 0.9528769841269841 0.10515873015873016 0.030753968253968252 0.03835978835978836
1 0.09126984126984126 0.06547619047619048 0.025793650793650792 0.027777777777777776
