0 0.7251984126984127 0.44576719576719576 0.13690476190476192 0.21164021164021163
0 0.36607142857142855 0.20833333333333334 0.125 0.18386243386243387
1 0.5431547619047619 0.5621693121693122 0.06448412698412699 0.12169312169312169
1 0.3402777777777778 0.5224867724867724 0.10714285714285714 0.17724867724867724
1 0.5515873015873016 0.4497354497354497 0.06547619047619048 0.1164021164021164
1 0.24553571428571427 0.335978835978836 0.09226190476190477 0.12169312169312169
1 0.6463293650793651 0.3544973544973545 0.09027777777777778 0.15343915343915343
1 0.2693452380952381 0.44841269841269843 0.05257936507936508 0.0873015873015873
1 0.6096230158730159 0.4398148148148148 0.04861111111111111 0.08333333333333333
1 0.46726190476190477 0.3869047619047619 0.10714285714285714 0.3055555555555556
