0 0.05406746031746032 0.45634920634920634 0.10218253968253968 0.1746031746031746
2 0.5500992063492064 0.42658730158730157 0.12797619047619047 0.23148148148148148
2 0.6726190476190477 0.4060846560846561 0.1111111111111111 0.2328042328042328
2 0.5381944444444444 0.5383597883597884 0.044642857142857144 0.05555555555555555
1 0.5004960317460317 0.4880952380952381 0.060515873015873016 0.0873015873015873
1 0.6989087301587301 0.2208994708994709 0.10615079365079365 0.16666666666666666
1 0.6636904761904762 0.5932539682539683 0.06547619047619048 0.10449735449735449
1 0.5436507936507936 0.15674603174603174 0.047619047619047616 0.05952380952380952
1 0.4489087301587302 0.5456349206349206 0.07242063492063493 0.1388888888888889
1 0.3239087301587302 0.3062169312169312 0.03670634920634921 0.05423280423280423
1 0.9885912698412699 0.2400793650793651 0.022817460317460316 0.08597883597883597
