0 0.5877976190476191 0.5575396825396826 0.1259920634920635 0.22883597883597884
2 0.8298611111111112 0.1421957671957672 0.09623015873015874 0.14417989417989419
1 0.17708333333333334 0.06944444444444445 0.07043650793650794 0.08862433862433862
1 0.6760912698412699 0.49206349206349204 0.05654761904761905 0.09259259259259259
1 0.8804563492063492 0.24933862433862433 0.06646825396825397 0.07539682539682539
1 0.46825396825396826 0.5555555555555556 0.10317460317460317 0.19576719576719576
1 0.24404761904761904 0.25066137566137564 0.10714285714285714 0.10714285714285714
1 0.8234126984126984 0.43915343915343913 0.0873015873015873 0.11375661375661375
1 0.6934523809523809 0.2830687830687831 0.041666666666666664 0.06084656084656084
1 0.9801587301587301 0.32936507936507936 0.025793650793650792 0.05291005291005291
1 0.7326388888888888 0.027116402116402115 0.03273809523809524 0.046296296296296294
