0 0.5620039682539683 0.4973544973544973 0.10416666666666667 0.23809523809523808
2 0.6924603174603174 0.31084656084656087 0.14285714285714285 0.14814814814814814
1 0.6592261904761905 0.45634920634920634 0.12400793650793651 0.18783068783068782
1 0.3060515873015873 0.5171957671957672 0.05853174603174603 0.06613756613756613
1 0.6339285714285714 0.6236772486772487 0.06746031746031746 0.07804232804232804
1 0.9419642857142857 0.2222222222222222 0.044642857142857144 0.05026455026455026
1 0.7420634920634921 0.7037037037037037 0.041666666666666664 0.05555555555555555
1 0.23313492063492064 0.5641534391534392 0.04563492063492063 0.05423280423280423
1 0.65625 0.5694444444444444 0.060515873015873016 0.08597883597883597
1 0.373015873015873 0.20436507936507936 0.03373015873015873 0.046296296296296294
