2 0.6760912698412699 0.2175925925925926 0.07837301587301587 0.0701058201058201
2 0.7083333333333334 0.3148148148148148 0.10714285714285714 0.08994708994708994
2 0.18501984126984128 0.3425925925925926 0.1378968253968254 0.11904761904761904
2 0.6329365079365079 0.4781746031746032 0.07738095238095238 0.11243386243386243
1 0.595734126984127 0.30886243386243384 0.09623015873015874 0.07804232804232804
1 0.5689484126984127 0.4312169312169312 0.040674603174603176 0.05555555555555555
1 0.33382936507936506 0.26521164021164023 0.030753968253968252 0.03835978835978836
1 0.03521825396825397 0.31216931216931215 0.03273809523809524 0.037037037037037035
1 0.8601190476190477 0.23412698412698413 0.03373015873015873 0.047619047619047616
1 0.6979166666666666 0.39616402116402116 0.03869047619047619 0.041005291005291
1 0.1284722222222222 0.32671957671957674 0.040674603174603176 0.05026455026455026
1 0.7172619047619048 0.08664021164021164 0.017857142857142856 0.03042328042328042
