0 0.7346230158730159 0.7612433862433863 0.04265873015873016 0.06481481481481481
0 0.3774801587301587 0.1884920634920635 0.11607142857142858 0.14682539682539683
0 0.623015873015873 0.6448412698412699 0.11904761904761904 0.23148148148148148
2 0.37549603174603174 0.1865079365079365 0.11805555555555555 0.1402116402116402
2 0.3343253968253968 0.12632275132275134 0.12698412698412698 0.12037037037037036
1 0.7966269841269841 0.7837301587301587 0.09126984126984126 0.1970899470899471
1 0.22420634920634921 0.027116402116402115 0.08333333333333333 0.051587301587301584
1 0.5411706349206349 0.6765873015873016 0.04861111111111111 0.09126984126984126
1 0.4593253968253968 0.673941798941799 0.08333333333333333 0.13624338624338625
1 0.7152777777777778 0.6765873015873016 0.07738095238095238 0.12566137566137567
