0 0.7564484126984127 0.2724867724867725 0.06448412698412699 0.1402116402116402
1 0.7247023809523809 0.2347883597883598 0.028769841269841268 0.04894179894179894
1 0.23214285714285715 0.14682539682539683 0.03571428571428571 0.047619047619047616
1 0.6388888888888888 0.2943121693121693 0.061507936507936505 0.10714285714285714
1 0.5823412698412699 0.19973544973544974 0.03373015873015873 0.042328042328042326
1 0.6463293650793651 0.15145502645502645 0.040674603174603176 0.05423280423280423
1 0.5858134920634921 0.2638888888888889 0.04861111111111111 0.05952380952380952
1 0.6964285714285714 0.3167989417989418 0.04365079365079365 0.051587301587301584
1 0.3333333333333333 0.08531746031746032 0.023809523809523808 0.03835978835978836
1 0.8070436507936508 0.056216931216931214 0.05853174603174603 0.05423280423280423
1 0.2881944444444444 0.10582010582010581 0.05853174603174603 0.06613756613756613
