0 0.7266865079365079 0.1865079365079365 0.09623015873015874 0.12433862433862433
0 0.5401785714285714 0.20767195767195767 0.0763888888888889 0.12962962962962962
0 0.6299603174603174 0.2400793650793651 0.1130952380952381 0.1283068783068783
2 0.38591269841269843 0.3392857142857143 0.09126984126984126 0.14417989417989419
1 0.9717261904761905 0.125 0.03869047619047619 0.046296296296296294
1 0.15922619047619047 0.167989417989418 0.030753968253968252 0.03968253968253968
1 0.057539682539682536 0.13558201058201058 0.031746031746031744 0.041005291005291
1 0.6607142857142857 0.14947089947089948 0.06547619047619048 0.10052910052910052
1 0.8278769841269841 0.4794973544973545 0.03273809523809524 0.05423280423280423
1 0.023809523809523808 0.2003968253968254 0.047619047619047616 0.06746031746031746
1 0.7038690476190477 0.07407407407407407 0.03670634920634921 0.042328042328042326
1 0.34771825396825395 0.22552910052910052 0.044642857142857144 0.05952380952380952
1 0.5729166666666666 0.10185185185185185 0.05853174603174603 0.05291005291005291
1 0.5639880952380952 0.17328042328042328 0.04265873015873016 0.10052910052910052
