1 0.062003968253968256 0.08531746031746032 0.05654761904761905 0.046296296296296294
1 0.10218253968253968 0.24338624338624337 0.031746031746031744 0.0291005291005291
1 0.25 0.3664021164021164 0.05952380952380952 0.06349206349206349
2 0.3482142857142857 0.39021164021164023 0.09523809523809523 0.1746031746031746
1 0.43353174603174605 0.41005291005291006 0.07539682539682539 0.17724867724867724
1 0.6061507936507936 0.16666666666666666 0.03373015873015873 0.04497354497354497
1 0.6989087301587301 0.37566137566137564 0.04265873015873016 0.047619047619047616
1 0.7802579365079365 0.291005291005291 0.08035714285714286 0.082010582010582
1 0.8705357142857143 0.4007936507936508 0.04861111111111111 0.082010582010582
1 0.9206349206349206 0.4305555555555556 0.037698412698412696 0.03306878306878307
1 0.05505952380952381 0.11904761904761904 0.03670634920634921 0.042328042328042326
