0 0.49702380952380953 0.47354497354497355 0.08531746031746032 0.15873015873015872
2 0.3878968253968254 0.41335978835978837 0.09722222222222222 0.20502645502645503
2 0.46726190476190477 0.6011904761904762 0.07936507936507936 0.1626984126984127
2 0.722718253968254 0.5324074074074074 0.09226190476190477 0.17328042328042328
1 0.8556547619047619 0.3326719576719577 0.06845238095238096 0.062169312169312166
1 0.8174603174603174 0.032407407407407406 0.02976190476190476 0.03835978835978836
1 0.5342261904761905 0.22420634920634921 0.03273809523809524 0.04894179894179894
1 0.18501984126984128 0.056216931216931214 0.04265873015873016 0.041005291005291
1 0.9350198412698413 0.056878306878306875 0.05853174603174603 0.05291005291005291
1 0.20634920634920634 0.10052910052910052 0.03968253968253968 0.05291005291005291
