2 0.876984126984127 0.27976190476190477 0.14087301587301587 0.22354497354497355
2 0.5476190476190477 0.4298941798941799 0.11507936507936507 0.1984126984126984
2 0.44990079365079366 0.3148148148148148 0.12996031746031747 0.24603174603174602
2 0.9801587301587301 0.082010582010582 0.037698412698412696 0.08465608465608465
1 0.6716269841269841 0.49603174603174605 0.057539682539682536 0.082010582010582
1 0.6378968253968254 0.5396825396825397 0.05357142857142857 0.082010582010582
1 0.24305555555555555 0.4166666666666667 0.03571428571428571 0.0582010582010582
1 0.14484126984126985 0.4834656084656085 0.047619047619047616 0.05952380952380952
1 0.15625 0.3492063492063492 0.026785714285714284 0.037037037037037035
1 0.5902777777777778 0.3584656084656085 0.031746031746031744 0.04497354497354497
1 0.8253968253968254 0.621031746031746 0.08928571428571429 0.14417989417989419
1 0.17609126984126985 0.5972222222222222 0.07242063492063493 0.11772486772486772
