2 0.5803571428571429 0.4662698412698413 0.0873015873015873 0.14417989417989419
2 0.5873015873015873 0.2361111111111111 0.08134920634920635 0.0701058201058201
1 0.08283730158730158 0.26322751322751325 0.07837301587301587 0.10052910052910052
1 0.13045634920634921 0.21891534391534392 0.03869047619047619 0.046296296296296294
1 0.3541666666666667 0.6402116402116402 0.05952380952380952 0.1164021164021164
1 0.5252976190476191 0.6031746031746031 0.0763888888888889 0.164021164021164
1 0.5848214285714286 0.3472222222222222 0.04265873015873016 0.05423280423280423
1 0.5287698412698413 0.41534391534391535 0.041666666666666664 0.06613756613756613
1 0.4280753968253968 0.056878306878306875 0.04662698412698413 0.05555555555555555
1 0.84375 0.5813492063492064 0.07043650793650794 0.11243386243386243
1 0.8670634920634921 0.4689153439153439 0.07738095238095238 0.11772486772486772
