2 0.7847222222222222 0.6124338624338624 0.125 0.21428571428571427
2 0.5947420634920635 0.5522486772486772 0.1359126984126984 0.25
1 0.375 0.4054232804232804 0.06746031746031746 0.09126984126984126
1 0.39880952380952384 0.5701058201058201 0.10714285714285714 0.21164021164021163
1 0.6934523809523809 0.5906084656084656 0.06746031746031746 0.13624338624338625
1 0.23214285714285715 0.43187830687830686 0.08134920634920635 0.13624338624338625
1 0.5461309523809523 0.1970899470899471 0.040674603174603176 0.06349206349206349
1 0.29464285714285715 0.48214285714285715 0.051587301587301584 0.05423280423280423
1 0.7088293650793651 0.4503968253968254 0.16567460317460317 0.2526455026455027
1 0.23214285714285715 0.49272486772486773 0.051587301587301584 0.062169312169312166
1 0.49206349206349204 0.44775132275132273 0.07341269841269842 0.10449735449735449
