0 0.6359126984126984 0.41534391534391535 0.07539682539682539 0.164021164021164
2 0.4489087301587302 0.421957671957672 0.11210317460317461 0.18518518518518517
1 0.5684523809523809 0.4080687830687831 0.05555555555555555 0.09656084656084656
1 0.6750992063492064 0.2751322751322751 0.028769841269841268 0.04497354497354497
1 0.5610119047619048 0.1984126984126984 0.034722222222222224 0.05291005291005291
1 0.8273809523809523 0.2665343915343915 0.027777777777777776 0.03835978835978836
1 0.37103174603174605 0.3353174603174603 0.07539682539682539 0.14153439153439154
1 0.6934523809523809 0.3644179894179894 0.04563492063492063 0.06481481481481481
1 0.8660714285714286 0.32936507936507936 0.02976190476190476 0.03439153439153439
1 0.5252976190476191 0.39880952380952384 0.026785714285714284 0.046296296296296294
