0 0.4771825396825397 0.30224867724867727 0.12103174603174603 0.19444444444444445
0 0.5089285714285714 0.5628306878306878 0.10119047619047619 0.23148148148148148
1 0.7316468253968254 0.37037037037037035 0.06448412698412699 0.082010582010582
1 0.6696428571428571 0.5826719576719577 0.0873015873015873 0.1388888888888889
1 0.27628968253968256 0.4107142857142857 0.022817460317460316 0.03306878306878307
1 0.3070436507936508 0.4861111111111111 0.04662698412698413 0.056878306878306875
1 0.8174603174603174 0.3419312169312169 0.023809523809523808 0.02513227513227513
1 0.29365079365079366 0.036375661375661374 0.0496031746031746 0.062169312169312166
1 0.4126984126984127 0.47619047619047616 0.10912698412698413 0.17724867724867724
1 0.7058531746031746 0.4748677248677249 0.11011904761904762 0.1931216931216931
