0 0.49603174603174605 0.460978835978836 0.10912698412698413 0.167989417989418
0 0.33581349206349204 0.5205026455026455 0.13392857142857142 0.2552910052910053
0 0.2222222222222222 0.05026455026455026 0.1349206349206349 0.10052910052910052
2 0.6324404761904762 0.36772486772486773 0.11011904761904762 0.12698412698412698
2 0.6567460317460317 0.5264550264550265 0.07341269841269842 0.14814814814814814
1 0.1111111111111111 0.5363756613756614 0.10515873015873016 0.13624338624338625
1 0.22321428571428573 0.5681216931216931 0.10119047619047619 0.21296296296296297
1 0.06349206349206349 0.031746031746031744 0.03968253968253968 0.04497354497354497
1 0.5967261904761905 0.48214285714285715 0.04861111111111111 0.09126984126984126
1 0.8864087301587301 0.37037037037037035 0.07043650793650794 0.0582010582010582
1 0.9226190476190477 0.47883597883597884 0.03373015873015873 0.05026455026455026
1 0.17162698412698413 0.44312169312169314 0.03968253968253968 0.06084656084656084
1 0.7455357142857143 0.5006613756613757 0.14781746031746032 0.25
2 0.8561507936507936 0.5152116402116402 0.03571428571428571 0.05423280423280423
