0 0.13839285714285715 0.414021164021164 0.12202380952380952 0.19047619047619047
2 0.40228174603174605 0.4041005291005291 0.14384920634920634 0.2261904761904762
1 0.8526785714285714 0.48148148148148145 0.11011904761904762 0.19047619047619047
1 0.6805555555555556 0.48478835978835977 0.07142857142857142 0.12566137566137567
1 0.24057539682539683 0.48214285714285715 0.0625 0.13095238095238096
1 0.29117063492063494 0.2843915343915344 0.11408730158730158 0.1693121693121693
1 0.6607142857142857 0.10449735449735449 0.06944444444444445 0.10317460317460317
1 0.29662698412698413 0.4398148148148148 0.07738095238095238 0.1335978835978836
1 0.9032738095238095 0.6990740740740741 0.06646825396825397 0.09126984126984126
1 0.7653769841269841 0.5925925925925926 0.09027777777777778 0.1693121693121693
1 0.16517857142857142 0.2976190476190476 0.07242063492063493 0.10317460317460317
