0 0.3740079365079365 0.75 0.08928571428571429 0.17195767195767195
0 0.5828373015873016 0.6349206349206349 0.11210317460317461 0.2222222222222222
0 0.22718253968253968 0.4828042328042328 0.1349206349206349 0.21693121693121692
2 0.47668650793650796 0.7242063492063492 0.12400793650793651 0.22354497354497355
2 0.7633928571428571 0.41005291005291006 0.14781746031746032 0.2566137566137566
1 0.10367063492063493 0.3194444444444444 0.10416666666666667 0.12566137566137567
1 0.970734126984127 0.34523809523809523 0.05257936507936508 0.09523809523809523
1 0.6319444444444444 0.42394179894179895 0.07539682539682539 0.1283068783068783
1 0.5054563492063492 0.5343915343915344 0.10416666666666667 0.15608465608465608
1 0.37996031746031744 0.6018518518518519 0.09126984126984126 0.16666666666666666
1 0.9007936507936508 0.4808201058201058 0.10912698412698413 0.16534391534391535
