0 0.6195436507936508 0.7037037037037037 0.1001984126984127 0.20105820105820105
0 0.15228174603174602 0.5701058201058201 0.1974206349206349 0.20105820105820105
2 0.29464285714285715 0.6904761904761905 0.13293650793650794 0.21957671957671956
1 0.4806547619047619 0.6044973544973545 0.09027777777777778 0.17724867724867724
1 0.10416666666666667 0.7896825396825397 0.08928571428571429 0.14285714285714285
1 0.018353174603174604 0.7136243386243386 0.03273809523809524 0.08068783068783068
1 0.015376984126984126 0.7698412698412699 0.028769841269841268 0.1164021164021164
1 0.7008928571428571 0.7837301587301587 0.08234126984126984 0.1574074074074074
1 0.6101190476190477 0.12301587301587301 0.12698412698412698 0.11904761904761904
1 0.48660714285714285 0.06944444444444445 0.050595238095238096 0.04894179894179894
