2 0.32043650793650796 0.4212962962962963 0.125 0.20238095238095238
1 0.44742063492063494 0.5297619047619048 0.08928571428571429 0.167989417989418
1 0.7003968253968254 0.09986772486772487 0.05555555555555555 0.056878306878306875
1 0.01636904761904762 0.2976190476190476 0.030753968253968252 0.05026455026455026
1 0.1498015873015873 0.2466931216931217 0.07341269841269842 0.06746031746031746
1 0.16517857142857142 0.13558201058201058 0.050595238095238096 0.05952380952380952
1 0.6259920634920635 0.056878306878306875 0.027777777777777776 0.037037037037037035
1 0.7088293650793651 0.0496031746031746 0.034722222222222224 0.04365079365079365
1 0.7271825396825397 0.1865079365079365 0.04563492063492063 0.0582010582010582
1 0.7807539682539683 0.16600529100529102 0.023809523809523808 0.03571428571428571
1 0.7420634920634921 0.017195767195767195 0.037698412698412696 0.03439153439153439
1 0.8075396825396826 0.03968253968253968 0.041666666666666664 0.018518518518518517
1 0.7881944444444444 0.01455026455026455 0.022817460317460316 0.026455026455026454
1 0.051587301587301584 0.17724867724867724 0.037698412698412696 0.047619047619047616
