0 0.6205357142857143 0.548941798941799 0.10813492063492064 0.1746031746031746
0 0.4722222222222222 0.4861111111111111 0.10317460317460317 0.1574074074074074
2 0.8621031746031746 0.22685185185185186 0.14682539682539683 0.1388888888888889
1 0.7628968253968254 0.16865079365079366 0.07142857142857142 0.07275132275132275
1 0.9851190476190477 0.5436507936507936 0.027777777777777776 0.08465608465608465
1 0.6934523809523809 0.26322751322751325 0.07738095238095238 0.10052910052910052
1 0.3933531746031746 0.460978835978836 0.03670634920634921 0.05952380952380952
1 0.5362103174603174 0.5634920634920635 0.06448412698412699 0.10846560846560846
1 0.9816468253968254 0.626984126984127 0.03273809523809524 0.06613756613756613
1 0.5471230158730159 0.455026455026455 0.034722222222222224 0.06613756613756613
1 0.7276785714285714 0.5562169312169312 0.08234126984126984 0.12301587301587301
