0 0.5992063492063492 0.6646825396825397 0.13293650793650794 0.21296296296296297
0 0.4732142857142857 0.6812169312169312 0.12301587301587301 0.1984126984126984
0 0.22073412698412698 0.0873015873015873 0.0882936507936508 0.15079365079365079
1 0.013392857142857142 0.32407407407407407 0.022817460317460316 0.08465608465608465
1 0.3680555555555556 0.5476190476190477 0.0992063492063492 0.16137566137566137
1 0.12301587301587301 0.1527777777777778 0.1111111111111111 0.12301587301587301
1 0.0248015873015873 0.5324074074074074 0.04365079365079365 0.08068783068783068
1 0.9384920634920635 0.14087301587301587 0.051587301587301584 0.05423280423280423
1 0.4489087301587302 0.626984126984127 0.0744047619047619 0.11904761904761904
1 0.05654761904761905 0.15211640211640212 0.051587301587301584 0.07142857142857142
