0 0.8814484126984127 0.4748677248677249 0.1498015873015873 0.15873015873015872
2 0.5550595238095238 0.3776455026455027 0.12797619047619047 0.1574074074074074
2 0.7673611111111112 0.3578042328042328 0.15575396825396826 0.1917989417989418
2 0.373015873015873 0.38822751322751325 0.10119047619047619 0.11507936507936507
1 0.26587301587301587 0.41005291005291006 0.10119047619047619 0.12433862433862433
1 0.7003968253968254 0.6382275132275133 0.05555555555555555 0.10978835978835978
1 0.5024801587301587 0.2585978835978836 0.026785714285714284 0.03306878306878307
1 0.6314484126984127 0.49074074074074076 0.05257936507936508 0.06349206349206349
1 0.78125 0.6415343915343915 0.050595238095238096 0.06349206349206349
1 0.20684523809523808 0.23875661375661375 0.03273809523809524 0.03571428571428571
1 0.7445436507936508 0.5674603174603174 0.03273809523809524 0.04497354497354497
1 0.039186507936507936 0.7678571428571429 0.07242063492063493 0.1335978835978836
1 0.3080357142857143 0.32076719576719576 0.05853174603174603 0.08068783068783068
