0 0.4836309523809524 0.7017195767195767 0.10218253968253968 0.1865079365079365
0 0.4732142857142857 0.13425925925925927 0.08928571428571429 0.10185185185185185
2 0.4697420634920635 0.0496031746031746 0.04861111111111111 0.06481481481481481
2 0.6875 0.3386243386243386 0.11507936507936507 0.14814814814814814
2 0.3705357142857143 0.7222222222222222 0.10615079365079365 0.20899470899470898
1 0.7361111111111112 0.5588624338624338 0.06547619047619048 0.08333333333333333
1 0.2916666666666667 0.708994708994709 0.05555555555555555 0.0873015873015873
1 0.19791666666666666 0.7228835978835979 0.03670634920634921 0.04894179894179894
1 0.8705357142857143 0.45965608465608465 0.044642857142857144 0.07275132275132275
1 0.2614087301587302 0.621031746031746 0.08234126984126984 0.14947089947089948
1 0.691468253968254 0.18981481481481483 0.021825396825396824 0.02513227513227513
1 0.020833333333333332 0.4880952380952381 0.037698412698412696 0.09788359788359788
1 0.6656746031746031 0.6382275132275133 0.01984126984126984 0.03571428571428571
1 0.4722222222222222 0.1335978835978836 0.08928571428571429 0.10582010582010581
