0 0.6557539682539683 0.37566137566137564 0.11904761904761904 0.14814814814814814
1 0.8035714285714286 0.31746031746031744 0.0873015873015873 0.07936507936507936
1 0.8526785714285714 0.10317460317460317 0.026785714285714284 0.042328042328042326
1 0.7837301587301587 0.1832010582010582 0.06944444444444445 0.06481481481481481
1 0.4583333333333333 0.31084656084656087 0.05952380952380952 0.09259259259259259
1 0.5674603174603174 0.44576719576719576 0.08928571428571429 0.13756613756613756
1 0.36755952380952384 0.294973544973545 0.10218253968253968 0.10052910052910052
1 0.5119047619047619 0.36904761904761907 0.04365079365079365 0.06878306878306878
1 0.13045634920634921 0.10582010582010581 0.026785714285714284 0.042328042328042326
1 0.11755952380952381 0.15806878306878308 0.026785714285714284 0.03571428571428571
