0 0.33581349206349204 0.4503968253968254 0.11408730158730158 0.1917989417989418
2 0.1765873015873016 0.5211640211640212 0.13690476190476192 0.1693121693121693
2 0.6825396825396826 0.43783068783068785 0.1388888888888889 0.23544973544973544
1 0.22569444444444445 0.3948412698412698 0.05654761904761905 0.09656084656084656
1 0.8154761904761905 0.5396825396825397 0.10515873015873016 0.17724867724867724
1 0.37648809523809523 0.31613756613756616 0.09821428571428571 0.14285714285714285
1 0.05654761904761905 0.4212962962962963 0.047619047619047616 0.11243386243386243
1 0.6279761904761905 0.2757936507936508 0.051587301587301584 0.08597883597883597
1 0.13293650793650794 0.39616402116402116 0.047619047619047616 0.05423280423280423
1 0.5069444444444444 0.26256613756613756 0.13095238095238096 0.09391534391534391
