0 0.5471230158730159 0.26521164021164023 0.13194444444444445 0.1335978835978836
2 0.3219246031746032 0.41335978835978837 0.12202380952380952 0.2261904761904762
1 0.24503968253968253 0.48478835978835977 0.05555555555555555 0.08333333333333333
1 0.9171626984126984 0.4887566137566138 0.060515873015873016 0.06481481481481481
1 0.16220238095238096 0.4497354497354497 0.11210317460317461 0.12433862433862433
1 0.6279761904761905 0.296957671957672 0.031746031746031744 0.041005291005291
1 0.22420634920634921 0.3948412698412698 0.05555555555555555 0.08333333333333333
1 0.7604166666666666 0.023809523809523808 0.060515873015873016 0.047619047619047616
1 0.45436507936507936 0.32671957671957674 0.037698412698412696 0.047619047619047616
1 0.6865079365079365 0.36904761904761907 0.057539682539682536 0.07936507936507936
