0 0.6939484126984127 0.11375661375661375 0.07043650793650794 0.06084656084656084
2 0.6656746031746031 0.5436507936507936 0.09722222222222222 0.18518518518518517
1 0.8373015873015873 0.5390211640211641 0.07142857142857142 0.10714285714285714
1 0.1552579365079365 0.4080687830687831 0.054563492063492064 0.07275132275132275
1 0.7490079365079365 0.4695767195767196 0.051587301587301584 0.06349206349206349
1 0.9558531746031746 0.3498677248677249 0.03670634920634921 0.05423280423280423
1 0.4915674603174603 0.38955026455026454 0.04265873015873016 0.05952380952380952
1 0.47767857142857145 0.3253968253968254 0.05853174603174603 0.06084656084656084
1 0.376984126984127 0.44047619047619047 0.023809523809523808 0.0291005291005291
1 0.5813492063492064 0.4503968253968254 0.06944444444444445 0.11243386243386243
