2 0.8100198412698413 0.14087301587301587 0.06448412698412699 0.08333333333333333
2 0.4156746031746032 0.19973544973544974 0.1349206349206349 0.2222222222222222
2 0.7886904761904762 0.2996031746031746 0.09722222222222222 0.14682539682539683
2 0.23363095238095238 0.3386243386243386 0.13988095238095238 0.20105820105820105
1 0.30952380952380953 0.1488095238095238 0.06944444444444445 0.10978835978835978
1 0.6398809523809523 0.125 0.08333333333333333 0.08862433862433862
1 0.2123015873015873 0.48214285714285715 0.10119047619047619 0.14417989417989419
1 0.8943452380952381 0.533068783068783 0.060515873015873016 0.10052910052910052
1 0.25793650793650796 0.18584656084656084 0.037698412698412696 0.05952380952380952
1 0.7331349206349206 0.27314814814814814 0.023809523809523808 0.056878306878306875
1 0.37450396825396826 0.48677248677248675 0.08432539682539683 0.14814814814814814
