0 0.7321428571428571 0.6858465608465608 0.08928571428571429 0.20502645502645503
1 0.373015873015873 0.2863756613756614 0.10912698412698413 0.167989417989418
1 0.5014880952380952 0.17724867724867724 0.10615079365079365 0.1402116402116402
1 0.41964285714285715 0.5052910052910053 0.06547619047619048 0.10582010582010581
1 0.5044642857142857 0.5588624338624338 0.10416666666666667 0.15211640211640212
1 0.6359126984126984 0.4603174603174603 0.11507936507936507 0.16666666666666666
1 0.8120039682539683 0.5892857142857143 0.09027777777777778 0.1574074074074074
1 0.6884920634920635 0.5588624338624338 0.10119047619047619 0.12301587301587301
1 0.5461309523809523 0.7473544973544973 0.08035714285714286 0.1164021164021164
1 0.6403769841269841 0.6527777777777778 0.03869047619047619 0.05952380952380952
1 0.6329365079365079 0.8048941798941799 0.08333333333333333 0.1283068783068783
1 0.591765873015873 0.5720899470899471 0.05853174603174603 0.10449735449735449
