2 0.5173611111111112 0.6111111111111112 0.1259920634920635 0.2566137566137566
2 0.3759920634920635 0.5317460317460317 0.13293650793650794 0.2724867724867725
1 0.022817460317460316 0.673941798941799 0.04563492063492063 0.19973544973544974
1 0.07242063492063493 0.06812169312169312 0.09523809523809523 0.08597883597883597
1 0.7301587301587301 0.18981481481481483 0.13293650793650794 0.1388888888888889
1 0.1359126984126984 0.2123015873015873 0.1527777777777778 0.11507936507936507
1 0.9761904761904762 0.13822751322751323 0.041666666666666664 0.10714285714285714
1 0.2509920634920635 0.3412698412698413 0.0992063492063492 0.10582010582010581
1 0.875 0.2619047619047619 0.09722222222222222 0.1164021164021164
1 0.11011904761904762 0.3683862433862434 0.04365079365079365 0.051587301587301584
1 0.7301587301587301 0.08068783068783068 0.06547619047619048 0.06349206349206349
