0 0.3169642857142857 0.5297619047619048 0.09424603174603174 0.18121693121693122
0 0.3740079365079365 0.5859788359788359 0.07341269841269842 0.15873015873015872
2 0.6800595238095238 0.5376984126984127 0.09424603174603174 0.18121693121693122
2 0.6577380952380952 0.24338624338624337 0.09722222222222222 0.1455026455026455
1 0.7346230158730159 0.16997354497354497 0.03273809523809524 0.04894179894179894
1 0.652281746031746 0.3630952380952381 0.06448412698412699 0.09656084656084656
1 0.9608134920634921 0.07341269841269842 0.06646825396825397 0.06481481481481481
1 0.09523809523809523 0.5443121693121693 0.061507936507936505 0.05952380952380952
1 0.8358134920634921 0.8108465608465608 0.04662698412698413 0.09788359788359788
1 0.8640873015873016 0.49867724867724866 0.0496031746031746 0.09523809523809523
1 0.9375 0.5052910052910053 0.03373015873015873 0.04497354497354497
1 0.4513888888888889 0.4041005291005291 0.04365079365079365 0.062169312169312166
1 0.7628968253968254 0.5674603174603174 0.06349206349206349 0.10846560846560846
1 0.8893849206349206 0.716931216931217 0.05257936507936508 0.08465608465608465
1 0.22470238095238096 0.4054232804232804 0.040674603174603176 0.03306878306878307
1 0.11061507936507936 0.6223544973544973 0.06646825396825397 0.07539682539682539
2 0.7534722222222222 0.6137566137566137 0.04662698412698413 0.06349206349206349
