2 0.4494047619047619 0.6064814814814815 0.13690476190476192 0.21825396825396826
2 0.5699404761904762 0.49537037037037035 0.16765873015873015 0.2923280423280423
1 0.6626984126984127 0.6097883597883598 0.06547619047619048 0.18783068783068782
1 0.28720238095238093 0.7612433862433863 0.10218253968253968 0.15476190476190477
1 0.33878968253968256 0.5886243386243386 0.060515873015873016 0.09788359788359788
1 0.2614087301587302 0.5343915343915344 0.09623015873015874 0.15343915343915343
1 0.41121031746031744 0.44841269841269843 0.044642857142857144 0.08465608465608465
1 0.3492063492063492 0.6911375661375662 0.06349206349206349 0.11772486772486772
1 0.06448412698412699 0.2275132275132275 0.025793650793650792 0.03439153439153439
1 0.6795634920634921 0.07738095238095238 0.03571428571428571 0.051587301587301584
1 0.7643849206349206 0.49933862433862436 0.07043650793650794 0.12566137566137567
