0 0.5654761904761905 0.4603174603174603 0.12698412698412698 0.19576719576719576
0 0.4618055555555556 0.21494708994708994 0.11607142857142858 0.11772486772486772
1 0.6934523809523809 0.5291005291005291 0.07341269841269842 0.0873015873015873
1 0.6795634920634921 0.31084656084656087 0.02976190476190476 0.04497354497354497
1 0.42857142857142855 0.036375661375661374 0.041666666666666664 0.056878306878306875
1 0.6746031746031746 0.4212962962962963 0.10119047619047619 0.1388888888888889
1 0.08333333333333333 0.28835978835978837 0.07738095238095238 0.10846560846560846
1 0.4603174603174603 0.1421957671957672 0.05357142857142857 0.051587301587301584
1 0.5515873015873016 0.3194444444444444 0.04563492063492063 0.04894179894179894
1 0.39186507936507936 0.19444444444444445 0.05555555555555555 0.05291005291005291
