2 0.4662698412698413 0.5304232804232805 0.1111111111111111 0.2698412698412698
2 0.38392857142857145 0.08862433862433862 0.10714285714285714 0.12433862433862433
2 0.6696428571428571 0.498015873015873 0.1111111111111111 0.28703703703703703
1 0.3189484126984127 0.2619047619047619 0.06448412698412699 0.082010582010582
1 0.5729166666666666 0.4894179894179894 0.15178571428571427 0.2037037037037037
1 0.09672619047619048 0.2757936507936508 0.034722222222222224 0.03835978835978836
1 0.23759920634920634 0.2751322751322751 0.03273809523809524 0.042328042328042326
1 0.71875 0.703042328042328 0.07837301587301587 0.12566137566137567
1 0.25595238095238093 0.056216931216931214 0.047619047619047616 0.056878306878306875
1 0.03273809523809524 0.455026455026455 0.06547619047619048 0.1111111111111111
