1 0.06101190476190476 0.4695767195767196 0.0625 0.1111111111111111
0 0.4340277777777778 0.3664021164021164 0.08432539682539683 0.1455026455026455
1 0.5778769841269841 0.4166666666666667 0.08035714285714286 0.10317460317460317
0 0.5391865079365079 0.53505291005291 0.11210317460317461 0.20238095238095238
0 0.6378968253968254 0.5244708994708994 0.08928571428571429 0.1970899470899471
1 0.7390873015873016 0.3921957671957672 0.05357142857142857 0.056878306878306875
1 0.8382936507936508 0.36177248677248675 0.07341269841269842 0.12566137566137567
1 0.42509920634920634 0.12698412698412698 0.028769841269841268 0.04497354497354497
1 0.9593253968253969 0.037037037037037035 0.05357142857142857 0.037037037037037035
0 0.9146825396825397 0.25396825396825395 0.10912698412698413 0.10846560846560846
1 0.6964285714285714 0.04298941798941799 0.037698412698412696 0.04365079365079365
1 0.6934523809523809 0.3968253968253968 0.03968253968253968 0.06349206349206349
