1 0.11805555555555555 0.40343915343915343 0.07539682539682539 0.05291005291005291
1 0.16071428571428573 0.503968253968254 0.037698412698412696 0.07671957671957672
1 0.10863095238095238 0.5767195767195767 0.018849206349206348 0.047619047619047616
1 0.2048611111111111 0.6164021164021164 0.044642857142857144 0.0582010582010582
1 0.39285714285714285 0.7235449735449735 0.025793650793650792 0.037037037037037035
1 0.5481150793650794 0.5436507936507936 0.10813492063492064 0.21164021164021163
2 0.6899801587301587 0.48478835978835977 0.17956349206349206 0.3002645502645503
1 0.6651785714285714 0.2724867724867725 0.07043650793650794 0.11375661375661375
1 0.7777777777777778 0.26322751322751325 0.11904761904761904 0.15079365079365079
1 0.9821428571428571 0.4497354497354497 0.03373015873015873 0.07407407407407407
1 0.8000992063492064 0.07671957671957672 0.0625 0.08465608465608465
1 0.1259920634920635 0.3055555555555556 0.027777777777777776 0.031746031746031744
