1 0.15228174603174602 0.19047619047619047 0.03670634920634921 0.06349206349206349
2 0.16468253968253968 0.25727513227513227 0.11904761904761904 0.15211640211640212
1 0.3844246031746032 0.17195767195767195 0.09027777777777778 0.0873015873015873
1 0.5257936507936508 0.2896825396825397 0.07142857142857142 0.1111111111111111
2 0.5927579365079365 0.45634920634920634 0.10813492063492064 0.15608465608465608
0 0.685515873015873 0.4074074074074074 0.10714285714285714 0.18253968253968253
1 0.7847222222222222 0.31283068783068785 0.0496031746031746 0.07539682539682539
1 0.8695436507936508 0.3287037037037037 0.06845238095238096 0.07804232804232804
1 0.7956349206349206 0.15542328042328044 0.06944444444444445 0.07275132275132275
1 0.9161706349206349 0.02447089947089947 0.06845238095238096 0.04894179894179894
