0 0.010912698412698412 0.5681216931216931 0.021825396825396824 0.1335978835978836
0 0.3521825396825397 0.30158730158730157 0.08928571428571429 0.11904761904761904
0 0.07142857142857142 0.576058201058201 0.10317460317460317 0.21825396825396826
1 0.9861111111111112 0.1626984126984127 0.025793650793650792 0.07936507936507936
1 0.6631944444444444 0.455026455026455 0.11408730158730158 0.15079365079365079
1 0.4885912698412698 0.289021164021164 0.060515873015873016 0.0701058201058201
1 0.42658730158730157 0.09656084656084656 0.037698412698412696 0.042328042328042326
1 0.283234126984127 0.4074074074074074 0.08035714285714286 0.13756613756613756
1 0.10168650793650794 0.09523809523809523 0.04662698412698413 0.06084656084656084
1 0.1388888888888889 0.4451058201058201 0.0496031746031746 0.07539682539682539
1 0.31746031746031744 0.056878306878306875 0.051587301587301584 0.07936507936507936
1 0.5476190476190477 0.3697089947089947 0.08333333333333333 0.10714285714285714
1 0.3521825396825397 0.30224867724867727 0.08531746031746032 0.11772486772486772
