0 0.4781746031746032 0.5522486772486772 0.10912698412698413 0.20502645502645503
1 0.09771825396825397 0.2294973544973545 0.09424603174603174 0.08068783068783068
1 0.5659722222222222 0.6746031746031746 0.054563492063492064 0.10317460317460317
1 0.6403769841269841 0.626984126984127 0.09027777777777778 0.16666666666666666
1 0.5967261904761905 0.42923280423280424 0.04861111111111111 0.08068783068783068
1 0.4191468253968254 0.5522486772486772 0.044642857142857144 0.06481481481481481
1 0.3506944444444444 0.18716931216931218 0.044642857142857144 0.056878306878306875
1 0.39384920634920634 0.5224867724867724 0.05555555555555555 0.07936507936507936
1 0.2371031746031746 0.21296296296296297 0.03373015873015873 0.05291005291005291
1 0.26587301587301587 0.3776455026455027 0.05952380952380952 0.062169312169312166
1 0.6507936507936508 0.4642857142857143 0.0873015873015873 0.1402116402116402
1 0.5798611111111112 0.5291005291005291 0.09821428571428571 0.12169312169312169
