0 0.10515873015873016 0.44576719576719576 0.1488095238095238 0.2222222222222222
0 0.7366071428571429 0.44907407407407407 0.09623015873015874 0.20238095238095238
1 0.2222222222222222 0.41798941798941797 0.06349206349206349 0.08465608465608465
1 0.9771825396825397 0.41798941798941797 0.04563492063492063 0.08465608465608465
1 0.07886904761904762 0.05092592592592592 0.03670634920634921 0.05423280423280423
1 0.4975198412698413 0.15145502645502645 0.05853174603174603 0.07275132275132275
1 0.9578373015873016 0.35383597883597884 0.060515873015873016 0.06746031746031746
1 0.4305555555555556 0.08928571428571429 0.051587301587301584 0.046296296296296294
1 0.8139880952380952 0.6527777777777778 0.08035714285714286 0.13095238095238096
1 0.27728174603174605 0.3167989417989418 0.11607142857142858 0.14682539682539683
1 0.39285714285714285 0.2863756613756614 0.07539682539682539 0.09126984126984126
