2 0.6765873015873016 0.3855820105820106 0.125 0.24206349206349206
2 0.3645833333333333 0.3458994708994709 0.12003968253968254 0.22883597883597884
1 0.17410714285714285 0.2347883597883598 0.06448412698412699 0.08068783068783068
1 0.5719246031746031 0.39351851851851855 0.060515873015873016 0.08597883597883597
1 0.03273809523809524 0.08796296296296297 0.047619047619047616 0.04894179894179894
1 0.5570436507936508 0.5033068783068783 0.09623015873015874 0.1574074074074074
1 0.8764880952380952 0.11044973544973545 0.04861111111111111 0.07275132275132275
1 0.11408730158730158 0.13161375661375663 0.14087301587301587 0.09656084656084656
1 0.45982142857142855 0.28835978835978837 0.06448412698412699 0.07671957671957672
1 0.45783730158730157 0.38095238095238093 0.07043650793650794 0.10846560846560846
1 0.9439484126984127 0.05092592592592592 0.11011904761904762 0.0992063492063492
1 0.16964285714285715 0.30092592592592593 0.037698412698412696 0.051587301587301584
