0 0.4965277777777778 0.6329365079365079 0.12400793650793651 0.25
0 0.7986111111111112 0.5132275132275133 0.1388888888888889 0.2671957671957672
2 0.010912698412698412 0.25727513227513227 0.021825396825396824 0.14153439153439154
1 0.9885912698412699 0.23346560846560846 0.020833333333333332 0.07539682539682539
1 0.6587301587301587 0.47619047619047616 0.07738095238095238 0.1111111111111111
1 0.3804563492063492 0.5224867724867724 0.09821428571428571 0.164021164021164
1 0.6999007936507936 0.5787037037037037 0.07837301587301587 0.16005291005291006
1 0.8819444444444444 0.35185185185185186 0.09126984126984126 0.10846560846560846
1 0.3864087301587302 0.026455026455026454 0.040674603174603176 0.04497354497354497
1 0.5476190476190477 0.45171957671957674 0.051587301587301584 0.08068783068783068
1 0.43601190476190477 0.33465608465608465 0.0248015873015873 0.03968253968253968
