0 0.4538690476190476 0.5846560846560847 0.11805555555555555 0.2751322751322751
0 0.6899801587301587 0.6507936507936508 0.14384920634920634 0.2804232804232804
1 0.8169642857142857 0.6342592592592593 0.11011904761904762 0.17857142857142858
1 0.32787698412698413 0.20502645502645503 0.09226190476190477 0.082010582010582
1 0.3705357142857143 0.2943121693121693 0.10416666666666667 0.12566137566137567
1 0.501984126984127 0.5906084656084656 0.05952380952380952 0.10978835978835978
1 0.9871031746031746 0.3048941798941799 0.023809523809523808 0.04365079365079365
1 0.5848214285714286 0.4794973544973545 0.08035714285714286 0.12037037037037036
1 0.7628968253968254 0.0667989417989418 0.0496031746031746 0.05423280423280423
1 0.345734126984127 0.1474867724867725 0.12400793650793651 0.07539682539682539
1 0.5788690476190477 0.6448412698412699 0.0763888888888889 0.14153439153439154
1 0.21924603174603174 0.15145502645502645 0.1111111111111111 0.12301587301587301
