0 0.36408730158730157 0.38227513227513227 0.06944444444444445 0.11375661375661375
2 0.6815476190476191 0.22552910052910052 0.11507936507936507 0.09391534391534391
1 0.5262896825396826 0.22883597883597884 0.0248015873015873 0.042328042328042326
1 0.06398809523809523 0.1865079365079365 0.03670634920634921 0.04497354497354497
1 0.6651785714285714 0.333994708994709 0.04861111111111111 0.05423280423280423
1 0.2648809523809524 0.3439153439153439 0.0496031746031746 0.05555555555555555
1 0.9761904761904762 0.4662698412698413 0.04365079365079365 0.056878306878306875
1 0.14732142857142858 0.031746031746031744 0.030753968253968252 0.037037037037037035
1 0.5560515873015873 0.47685185185185186 0.07837301587301587 0.12301587301587301
1 0.21081349206349206 0.12566137566137567 0.04662698412698413 0.047619047619047616
1 0.2371031746031746 0.0787037037037037 0.03968253968253968 0.03835978835978836
1 0.689484126984127 0.14682539682539683 0.0496031746031746 0.06878306878306878
