0 0.21825396825396826 0.16865079365079366 0.09722222222222222 0.10449735449735449
0 0.7113095238095238 0.14285714285714285 0.06746031746031746 0.082010582010582
2 0.4479166666666667 0.453042328042328 0.0882936507936508 0.17328042328042328
1 0.06646825396825397 0.36706349206349204 0.03571428571428571 0.046296296296296294
1 0.466765873015873 0.3353174603174603 0.05654761904761905 0.07804232804232804
1 0.6378968253968254 0.4087301587301587 0.05555555555555555 0.07671957671957672
1 0.8199404761904762 0.3333333333333333 0.022817460317460316 0.03968253968253968
1 0.435515873015873 0.2744708994708995 0.05952380952380952 0.08068783068783068
1 0.11805555555555555 0.29365079365079366 0.08531746031746032 0.10846560846560846
1 0.3869047619047619 0.35978835978835977 0.031746031746031744 0.047619047619047616
1 0.23759920634920634 0.12037037037037036 0.034722222222222224 0.037037037037037035
1 0.1746031746031746 0.08134920634920635 0.06547619047619048 0.051587301587301584
1 0.8556547619047619 0.08994708994708994 0.07043650793650794 0.0582010582010582
1 0.7028769841269841 0.30092592592592593 0.03869047619047619 0.05423280423280423
1 0.17906746031746032 0.13624338624338625 0.040674603174603176 0.06613756613756613
