1 0.5188492063492064 0.16600529100529102 0.06944444444444445 0.08862433862433862
1 0.7266865079365079 0.056878306878306875 0.05257936507936508 0.05026455026455026
1 0.8680555555555556 0.23875661375661375 0.07539682539682539 0.056878306878306875
1 0.8373015873015873 0.31812169312169314 0.09523809523809523 0.10714285714285714
1 0.7648809523809523 0.20171957671957672 0.12103174603174603 0.1335978835978836
1 0.6800595238095238 0.6474867724867724 0.10218253968253968 0.1626984126984127
0 0.43353174603174605 0.6428571428571429 0.12103174603174603 0.2222222222222222
2 0.3090277777777778 0.5886243386243386 0.12797619047619047 0.25132275132275134
1 0.22271825396825398 0.6494708994708994 0.040674603174603176 0.11375661375661375
1 0.15426587301587302 0.5509259259259259 0.13988095238095238 0.20502645502645503
