2 0.4260912698412698 0.453042328042328 0.15376984126984128 0.18915343915343916
1 0.6969246031746031 0.2962962962962963 0.14186507936507936 0.16137566137566137
1 0.5853174603174603 0.37896825396825395 0.061507936507936505 0.09656084656084656
1 0.6483134920634921 0.43584656084656087 0.060515873015873016 0.07539682539682539
1 0.7182539682539683 0.4305555555555556 0.061507936507936505 0.0701058201058201
1 0.4052579365079365 0.5912698412698413 0.1001984126984127 0.12698412698412698
1 0.062003968253968256 0.08597883597883597 0.09821428571428571 0.11375661375661375
1 0.7341269841269841 0.13161375661375663 0.027777777777777776 0.04365079365079365
1 0.935515873015873 0.5072751322751323 0.025793650793650792 0.041005291005291
1 0.1488095238095238 0.09854497354497355 0.025793650793650792 0.03835978835978836
1 0.5461309523809523 0.2208994708994709 0.026785714285714284 0.047619047619047616
