0 0.5768849206349206 0.23412698412698413 0.09821428571428571 0.09788359788359788
0 0.38244047619047616 0.39814814814814814 0.0763888888888889 0.10846560846560846
1 0.660218253968254 0.06613756613756613 0.03869047619047619 0.03968253968253968
1 0.5520833333333334 0.4305555555555556 0.050595238095238096 0.051587301587301584
1 0.19345238095238096 0.16865079365079366 0.03373015873015873 0.04365079365079365
1 0.43353174603174605 0.210978835978836 0.03373015873015873 0.03835978835978836
1 0.9791666666666666 0.5178571428571429 0.03571428571428571 0.10185185185185185
1 0.6750992063492064 0.6164021164021164 0.08234126984126984 0.15079365079365079
1 0.5386904761904762 0.5376984126984127 0.06944444444444445 0.1335978835978836
1 0.10912698412698413 0.2751322751322751 0.05952380952380952 0.07142857142857142
