1 0.14732142857142858 0.2585978835978836 0.10615079365079365 0.11243386243386243
1 0.2757936507936508 0.057539682539682536 0.07738095238095238 0.09656084656084656
1 0.26091269841269843 0.13425925925925927 0.051587301587301584 0.046296296296296294
1 0.2941468253968254 0.19907407407407407 0.11805555555555555 0.12566137566137567
1 0.4444444444444444 0.4305555555555556 0.06547619047619048 0.09656084656084656
1 0.8482142857142857 0.2526455026455027 0.07142857142857142 0.082010582010582
1 0.7599206349206349 0.18055555555555555 0.03373015873015873 0.04365079365079365
1 0.4742063492063492 0.5013227513227513 0.03571428571428571 0.047619047619047616
0 0.5560515873015873 0.4556878306878307 0.12797619047619047 0.2261904761904762
1 0.6493055555555556 0.4973544973544973 0.09821428571428571 0.16137566137566137
