0 0.27529761904761907 0.3558201058201058 0.11805555555555555 0.21164021164021163
2 0.8373015873015873 0.2777777777777778 0.0873015873015873 0.12962962962962962
2 0.1572420634920635 0.4093915343915344 0.12797619047619047 0.25793650793650796
2 0.7450396825396826 0.5932539682539683 0.12301587301587301 0.18386243386243387
1 0.9270833333333334 0.35978835978835977 0.060515873015873016 0.082010582010582
1 0.42857142857142855 0.11441798941798942 0.017857142857142856 0.03571428571428571
1 0.6349206349206349 0.39351851851851855 0.08531746031746032 0.13095238095238096
1 0.7385912698412699 0.3406084656084656 0.05853174603174603 0.056878306878306875
1 0.6999007936507936 0.48478835978835977 0.11011904761904762 0.18121693121693122
1 0.8616071428571429 0.4894179894179894 0.06845238095238096 0.09788359788359788
