0 0.9846230158730159 0.1130952380952381 0.030753968253968252 0.11507936507936507
2 0.5783730158730159 0.4173280423280423 0.08531746031746032 0.16005291005291006
1 0.12351190476190477 0.03042328042328042 0.07837301587301587 0.0582010582010582
1 0.5451388888888888 0.3419312169312169 0.03670634920634921 0.04894179894179894
1 0.7132936507936508 0.30952380952380953 0.0496031746031746 0.07671957671957672
1 0.8407738095238095 0.15674603174603174 0.03273809523809524 0.04365079365079365
1 0.876984126984127 0.06084656084656084 0.09523809523809523 0.10317460317460317
1 0.7738095238095238 0.32936507936507936 0.08333333333333333 0.1164021164021164
1 0.9221230158730159 0.027777777777777776 0.026785714285714284 0.047619047619047616
1 0.08382936507936507 0.08928571428571429 0.03670634920634921 0.04894179894179894
1 0.9781746031746031 0.02447089947089947 0.041666666666666664 0.04894179894179894
1 0.40773809523809523 0.2671957671957672 0.0496031746031746 0.07407407407407407
1 0.46081349206349204 0.36243386243386244 0.0744047619047619 0.09523809523809523
1 0.6622023809523809 0.38756613756613756 0.0744047619047619 0.12962962962962962
