0 0.7286706349206349 0.26587301587301587 0.10218253968253968 0.12433862433862433
0 0.6369047619047619 0.3002645502645503 0.10119047619047619 0.11904761904761904
2 0.5064484126984127 0.36044973544973546 0.11607142857142858 0.1574074074074074
1 0.3715277777777778 0.33465608465608465 0.1636904761904762 0.16666666666666666
1 0.7956349206349206 0.3478835978835979 0.06944444444444445 0.06613756613756613
1 0.5223214285714286 0.22156084656084657 0.09226190476190477 0.1283068783068783
1 0.8100198412698413 0.2923280423280423 0.060515873015873016 0.05026455026455026
1 0.753968253968254 0.20171957671957672 0.05952380952380952 0.04894179894179894
1 0.6875 0.5892857142857143 0.037698412698412696 0.05423280423280423
1 0.47371031746031744 0.71494708994709 0.08035714285714286 0.16005291005291006
1 0.03571428571428571 0.18055555555555555 0.06547619047619048 0.09391534391534391
