0 0.4791666666666667 0.5462962962962963 0.10912698412698413 0.20899470899470898
0 0.5575396825396826 0.37367724867724866 0.12896825396825398 0.1917989417989418
0 0.35168650793650796 0.5582010582010583 0.13988095238095238 0.2830687830687831
1 0.20932539682539683 0.3835978835978836 0.06746031746031746 0.0873015873015873
1 0.5699404761904762 0.5119047619047619 0.0763888888888889 0.09523809523809523
1 0.6984126984126984 0.09060846560846561 0.041666666666666664 0.05423280423280423
1 0.5729166666666666 0.018518518518518517 0.04265873015873016 0.03439153439153439
1 0.685515873015873 0.36177248677248675 0.04563492063492063 0.062169312169312166
1 0.15079365079365079 0.04828042328042328 0.057539682539682536 0.05952380952380952
1 0.23561507936507936 0.546957671957672 0.0763888888888889 0.12037037037037036
