2 0.13343253968253968 0.1130952380952381 0.10615079365079365 0.1574074074074074
1 0.22073412698412698 0.12235449735449735 0.08630952380952381 0.07804232804232804
0 0.2604166666666667 0.07671957671957672 0.07837301587301587 0.08465608465608465
0 0.4771825396825397 0.2943121693121693 0.12103174603174603 0.19973544973544974
1 0.4181547619047619 0.4246031746031746 0.05853174603174603 0.1164021164021164
1 0.47668650793650796 0.5879629629629629 0.044642857142857144 0.05952380952380952
0 0.3898809523809524 0.5978835978835979 0.10912698412698413 0.1984126984126984
1 0.32142857142857145 0.623015873015873 0.057539682539682536 0.09788359788359788
0 0.29712301587301587 0.6435185185185185 0.07837301587301587 0.17592592592592593
1 0.22073412698412698 0.5879629629629629 0.08035714285714286 0.14682539682539683
1 0.722718253968254 0.19444444444444445 0.11607142857142858 0.1111111111111111
1 0.7346230158730159 0.09854497354497355 0.09226190476190477 0.07804232804232804
1 0.7366071428571429 0.022486772486772486 0.05257936507936508 0.042328042328042326
0 0.9866071428571429 0.22552910052910052 0.0248015873015873 0.09126984126984126
1 0.6989087301587301 0.26322751322751325 0.05257936507936508 0.03439153439153439
1 0.022321428571428572 0.15211640211640212 0.040674603174603176 0.0582010582010582
