2 0.6225198412698413 0.32671957671957674 0.12797619047619047 0.25396825396825395
2 0.4255952380952381 0.4193121693121693 0.13095238095238096 0.23015873015873015
2 0.5411706349206349 0.4669312169312169 0.09027777777777778 0.12698412698412698
1 0.44990079365079366 0.291005291005291 0.034722222222222224 0.047619047619047616
1 0.30158730158730157 0.3888888888888889 0.057539682539682536 0.08465608465608465
1 0.38293650793650796 0.3273809523809524 0.051587301587301584 0.07275132275132275
1 0.7425595238095238 0.16534391534391535 0.03869047619047619 0.05291005291005291
1 0.3680555555555556 0.24867724867724866 0.0992063492063492 0.12698412698412698
1 0.53125 0.376984126984127 0.08630952380952381 0.17195767195767195
1 0.7247023809523809 0.23346560846560846 0.09623015873015874 0.12566137566137567
1 0.9871031746031746 0.2208994708994709 0.023809523809523808 0.04497354497354497
