2 0.47867063492063494 0.29365079365079366 0.11805555555555555 0.15873015873015872
2 0.3060515873015873 0.48677248677248675 0.1001984126984127 0.12433862433862433
2 0.435515873015873 0.4669312169312169 0.13690476190476192 0.14814814814814814
2 0.5277777777777778 0.40145502645502645 0.0992063492063492 0.11243386243386243
1 0.8263888888888888 0.5965608465608465 0.09523809523809523 0.082010582010582
1 0.5287698412698413 0.4973544973544973 0.05357142857142857 0.06878306878306878
1 0.6701388888888888 0.3062169312169312 0.05257936507936508 0.062169312169312166
1 0.016865079365079364 0.5978835978835979 0.02976190476190476 0.0873015873015873
1 0.9573412698412699 0.701058201058201 0.08134920634920635 0.11904761904761904
1 0.3189484126984127 0.14285714285714285 0.030753968253968252 0.042328042328042326
1 0.8715277777777778 0.3862433862433862 0.030753968253968252 0.037037037037037035
