0 0.5342261904761905 0.5006613756613757 0.12996031746031747 0.20767195767195767
0 0.08531746031746032 0.1130952380952381 0.1488095238095238 0.16005291005291006
2 0.08531746031746032 0.10582010582010581 0.1388888888888889 0.14814814814814814
2 0.07093253968253968 0.07671957671957672 0.09821428571428571 0.0873015873015873
1 0.2088293650793651 0.3776455026455027 0.060515873015873016 0.08862433862433862
1 0.9057539682539683 0.1527777777777778 0.06547619047619048 0.07539682539682539
1 0.6830357142857143 0.41335978835978837 0.1259920634920635 0.18121693121693122
1 0.3447420634920635 0.45965608465608465 0.060515873015873016 0.08068783068783068
1 0.27033730158730157 0.20502645502645503 0.03670634920634921 0.06084656084656084
1 0.42410714285714285 0.4775132275132275 0.08234126984126984 0.13227513227513227
1 0.9885912698412699 0.19047619047619047 0.016865079365079364 0.1111111111111111
