0 0.3482142857142857 0.4880952380952381 0.12103174603174603 0.23809523809523808
1 0.6493055555555556 0.01521164021164021 0.03869047619047619 0.03042328042328042
1 0.22023809523809523 0.3220899470899471 0.037698412698412696 0.05423280423280423
1 0.05009920634920635 0.16732804232804233 0.09027777777777778 0.08597883597883597
1 0.4375 0.3115079365079365 0.06349206349206349 0.08333333333333333
1 0.3655753968253968 0.3551587301587302 0.1001984126984127 0.12037037037037036
1 0.43799603174603174 0.3439153439153439 0.06448412698412699 0.10582010582010581
1 0.14583333333333334 0.09656084656084656 0.1111111111111111 0.15079365079365079
1 0.7703373015873016 0.025793650793650792 0.1001984126984127 0.051587301587301584
1 0.4375 0.37962962962962965 0.057539682539682536 0.09259259259259259
