0 0.39087301587301587 0.4173280423280423 0.07142857142857142 0.10449735449735449
0 0.7797619047619048 0.3921957671957672 0.0873015873015873 0.11772486772486772
1 0.5128968253968254 0.3783068783068783 0.07142857142857142 0.07407407407407407
1 0.6775793650793651 0.4041005291005291 0.06746031746031746 0.10449735449735449
1 0.4523809523809524 0.1931216931216931 0.03373015873015873 0.05026455026455026
1 0.9781746031746031 0.39351851851851855 0.04365079365079365 0.06746031746031746
1 0.5535714285714286 0.29034391534391535 0.061507936507936505 0.06481481481481481
1 0.44990079365079366 0.3544973544973545 0.08630952380952381 0.07936507936507936
1 0.5580357142857143 0.20965608465608465 0.034722222222222224 0.04365079365079365
1 0.31646825396825395 0.5787037037037037 0.0496031746031746 0.0701058201058201
