0 0.1884920634920635 0.5562169312169312 0.17063492063492064 0.28703703703703703
2 0.529265873015873 0.6342592592592593 0.14384920634920634 0.2208994708994709
2 0.015376984126984126 0.7784391534391535 0.030753968253968252 0.21825396825396826
2 0.32490079365079366 0.5066137566137566 0.07043650793650794 0.08994708994708994
2 0.5213293650793651 0.5185185185185185 0.13194444444444445 0.2275132275132275
1 0.6656746031746031 0.5548941798941799 0.13293650793650794 0.2526455026455027
1 0.41369047619047616 0.5562169312169312 0.08928571428571429 0.18121693121693122
1 0.32043650793650796 0.6507936507936508 0.05357142857142857 0.1164021164021164
1 0.9047619047619048 0.39087301587301587 0.04563492063492063 0.06481481481481481
1 0.1884920634920635 0.5509259259259259 0.16865079365079366 0.3082010582010582
