0 0.5044642857142857 0.4523809523809524 0.15773809523809523 0.23015873015873015
2 0.2113095238095238 0.1626984126984127 0.17261904761904762 0.15079365079365079
1 0.17708333333333334 0.3055555555555556 0.05853174603174603 0.07142857142857142
1 0.8511904761904762 0.1421957671957672 0.06349206349206349 0.07539682539682539
1 0.35813492063492064 0.5264550264550265 0.057539682539682536 0.082010582010582
1 0.9216269841269841 0.2400793650793651 0.051587301587301584 0.04365079365079365
1 0.3020833333333333 0.3148148148148148 0.030753968253968252 0.047619047619047616
1 0.6413690476190477 0.544973544973545 0.0882936507936508 0.16137566137566137
1 0.8645833333333334 0.4444444444444444 0.04265873015873016 0.047619047619047616
1 0.13839285714285715 0.21031746031746032 0.08432539682539683 0.07142857142857142
2 0.23065476190476192 0.0582010582010582 0.044642857142857144 0.0582010582010582
0 0.39831349206349204 0.0291005291005291 0.05257936507936508 0.0582010582010582
