0 0.7524801587301587 0.4054232804232804 0.10615079365079365 0.15211640211640212
0 0.7569444444444444 0.44907407407407407 0.10119047619047619 0.09656084656084656
2 0.6428571428571429 0.5026455026455027 0.125 0.17195767195767195
2 0.6413690476190477 0.26256613756613756 0.13988095238095238 0.18915343915343916
2 0.3288690476190476 0.5125661375661376 0.10813492063492064 0.1865079365079365
1 0.9618055555555556 0.06415343915343916 0.07242063492063493 0.09126984126984126
1 0.9027777777777778 0.44047619047619047 0.07936507936507936 0.09523809523809523
1 0.8487103174603174 0.3306878306878307 0.07837301587301587 0.07936507936507936
1 0.5381944444444444 0.40145502645502645 0.04265873015873016 0.05423280423280423
1 0.22073412698412698 0.3835978835978836 0.0882936507936508 0.15079365079365079
1 0.4211309523809524 0.501984126984127 0.06448412698412699 0.1335978835978836
