0 0.3402777777777778 0.15806878306878308 0.08928571428571429 0.08068783068783068
2 0.6557539682539683 0.32275132275132273 0.06547619047619048 0.09523809523809523
2 0.5024801587301587 0.48478835978835977 0.12996031746031747 0.26851851851851855
1 0.3090277777777778 0.28505291005291006 0.08234126984126984 0.09126984126984126
1 0.38492063492063494 0.44576719576719576 0.10912698412698413 0.17195767195767195
1 0.31845238095238093 0.38095238095238093 0.08333333333333333 0.10052910052910052
1 0.5758928571428571 0.4556878306878307 0.06646825396825397 0.13624338624338625
1 0.18501984126984128 0.023809523809523808 0.05853174603174603 0.047619047619047616
1 0.6160714285714286 0.53505291005291 0.06746031746031746 0.17063492063492064
2 0.7936507936507936 0.041666666666666664 0.023809523809523808 0.03835978835978836
