0 0.4419642857142857 0.40674603174603174 0.10416666666666667 0.17328042328042328
0 0.5441468253968254 0.3888888888888889 0.05853174603174603 0.1164021164021164
0 0.1909722222222222 0.12169312169312169 0.050595238095238096 0.06084656084656084
0 0.21428571428571427 0.0992063492063492 0.06349206349206349 0.08994708994708994
0 0.3774801587301587 0.5376984126984127 0.08630952380952381 0.14682539682539683
0 0.7023809523809523 0.24735449735449735 0.10714285714285714 0.1164021164021164
2 0.7003968253968254 0.24603174603174602 0.10119047619047619 0.12169312169312169
1 0.6180555555555556 0.3869047619047619 0.07341269841269842 0.10714285714285714
1 0.08878968253968254 0.22552910052910052 0.06845238095238096 0.07275132275132275
1 0.010416666666666666 0.4933862433862434 0.020833333333333332 0.04497354497354497
1 0.8650793650793651 0.3326719576719577 0.037698412698412696 0.051587301587301584
1 0.7346230158730159 0.10978835978835978 0.054563492063492064 0.06084656084656084
1 0.6721230158730159 0.47619047619047616 0.04662698412698413 0.06084656084656084
1 0.8501984126984127 0.19444444444444445 0.027777777777777776 0.037037037037037035
1 0.4126984126984127 0.6177248677248677 0.03571428571428571 0.047619047619047616
1 0.1701388888888889 0.1818783068783069 0.060515873015873016 0.056878306878306875
1 0.5079365079365079 0.3697089947089947 0.02976190476190476 0.04894179894179894
1 0.2728174603174603 0.0992063492063492 0.05555555555555555 0.06084656084656084
1 0.9305555555555556 0.04894179894179894 0.04365079365079365 0.0582010582010582
