0 0.6656746031746031 0.416005291005291 0.11706349206349206 0.18121693121693122
0 0.31101190476190477 0.5085978835978836 0.12003968253968254 0.19444444444444445
0 0.48412698412698413 0.42328042328042326 0.13293650793650794 0.22486772486772486
1 0.8288690476190477 0.14153439153439154 0.08432539682539683 0.07407407407407407
1 0.714781746031746 0.1818783068783069 0.07043650793650794 0.07275132275132275
1 0.6071428571428571 0.4894179894179894 0.03373015873015873 0.037037037037037035
1 0.19642857142857142 0.17063492063492064 0.08333333333333333 0.07671957671957672
1 0.31845238095238093 0.25727513227513227 0.03571428571428571 0.05952380952380952
1 0.03670634920634921 0.04034391534391534 0.01984126984126984 0.03042328042328042
1 0.13194444444444445 0.33201058201058203 0.01984126984126984 0.037037037037037035
