0 0.871031746031746 0.5396825396825397 0.11507936507936507 0.2275132275132275
2 0.7202380952380952 0.5747354497354498 0.1111111111111111 0.25793650793650796
2 0.7083333333333334 0.5178571428571429 0.08928571428571429 0.16005291005291006
2 0.3100198412698413 0.2400793650793651 0.14384920634920634 0.12566137566137567
1 0.9449404761904762 0.3353174603174603 0.10615079365079365 0.11507936507936507
1 0.7534722222222222 0.5548941798941799 0.060515873015873016 0.08333333333333333
1 0.5724206349206349 0.4398148148148148 0.0496031746031746 0.0701058201058201
1 0.7693452380952381 0.4583333333333333 0.03869047619047619 0.05952380952380952
1 0.8179563492063492 0.628968253968254 0.034722222222222224 0.056878306878306875
1 0.3030753968253968 0.0787037037037037 0.04662698412698413 0.06481481481481481
1 0.533234126984127 0.6858465608465608 0.0625 0.11507936507936507
1 0.5049603174603174 0.5105820105820106 0.09126984126984126 0.17195767195767195
