2 0.29662698412698413 0.4748677248677249 0.11706349206349206 0.16666666666666666
2 0.5084325396825397 0.49272486772486773 0.1378968253968254 0.25793650793650796
1 0.4310515873015873 0.5753968253968254 0.0625 0.1402116402116402
1 0.8546626984126984 0.12169312169312169 0.13194444444444445 0.12962962962962962
1 0.2013888888888889 0.164021164021164 0.025793650793650792 0.031746031746031744
1 0.4722222222222222 0.15674603174603174 0.031746031746031744 0.04894179894179894
1 0.6969246031746031 0.210978835978836 0.10416666666666667 0.10978835978835978
1 0.6820436507936508 0.42857142857142855 0.034722222222222224 0.06613756613756613
1 0.22916666666666666 0.6501322751322751 0.057539682539682536 0.0992063492063492
1 0.6160714285714286 0.628968253968254 0.061507936507936505 0.08597883597883597
