0 0.46726190476190477 0.48412698412698413 0.14087301587301587 0.25925925925925924
0 0.6929563492063492 0.4828042328042328 0.11607142857142858 0.21693121693121692
1 0.7574404761904762 0.32936507936507936 0.0625 0.08994708994708994
1 0.5868055555555556 0.4880952380952381 0.09424603174603174 0.18518518518518517
1 0.31547619047619047 0.29828042328042326 0.04365079365079365 0.056878306878306875
1 0.19642857142857142 0.023809523809523808 0.061507936507936505 0.047619047619047616
1 0.36755952380952384 0.4021164021164021 0.044642857142857144 0.06613756613756613
1 0.08482142857142858 0.14087301587301587 0.044642857142857144 0.05423280423280423
1 0.4181547619047619 0.3412698412698413 0.05654761904761905 0.06613756613756613
1 0.09573412698412699 0.03373015873015873 0.10813492063492064 0.06746031746031746
1 0.2693452380952381 0.02447089947089947 0.07837301587301587 0.04894179894179894
