0 0.5500992063492064 0.30423280423280424 0.0744047619047619 0.09523809523809523
0 0.46130952380952384 0.2996031746031746 0.09126984126984126 0.10978835978835978
1 0.5858134920634921 0.4351851851851852 0.0625 0.09259259259259259
1 0.45634920634920634 0.17724867724867724 0.03968253968253968 0.047619047619047616
1 0.054563492063492064 0.6130952380952381 0.08333333333333333 0.14417989417989419
1 0.5629960317460317 0.5033068783068783 0.044642857142857144 0.05952380952380952
1 0.8253968253968254 0.1626984126984127 0.031746031746031744 0.04497354497354497
1 0.4270833333333333 0.1884920634920635 0.03273809523809524 0.051587301587301584
1 0.6716269841269841 0.38095238095238093 0.05952380952380952 0.06613756613756613
1 0.15079365079365079 0.4748677248677249 0.06746031746031746 0.10846560846560846
1 0.3923611111111111 0.26521164021164023 0.08630952380952381 0.11507936507936507
