0 0.6696428571428571 0.3664021164021164 0.10714285714285714 0.18518518518518517
2 0.8516865079365079 0.36507936507936506 0.18948412698412698 0.17989417989417988
2 0.3680555555555556 0.2328042328042328 0.1388888888888889 0.18253968253968253
1 0.7237103174603174 0.6488095238095238 0.07242063492063493 0.10714285714285714
1 0.5476190476190477 0.4246031746031746 0.10714285714285714 0.164021164021164
1 0.47172619047619047 0.35383597883597884 0.07242063492063493 0.07539682539682539
1 0.4027777777777778 0.08267195767195767 0.057539682539682536 0.06481481481481481
1 0.3665674603174603 0.021164021164021163 0.07837301587301587 0.03439153439153439
1 0.23313492063492064 0.056216931216931214 0.04365079365079365 0.04894179894179894
1 0.27827380952380953 0.01917989417989418 0.0625 0.03835978835978836
