0 0.6547619047619048 0.45105820105820105 0.13690476190476192 0.24867724867724866
0 0.5213293650793651 0.6408730158730159 0.12202380952380952 0.19973544973544974
2 0.4990079365079365 0.3816137566137566 0.12301587301587301 0.15211640211640212
2 0.4131944444444444 0.5482804232804233 0.1378968253968254 0.26587301587301587
1 0.37202380952380953 0.666005291005291 0.047619047619047616 0.09126984126984126
1 0.6200396825396826 0.5985449735449735 0.05952380952380952 0.09126984126984126
1 0.6875 0.6144179894179894 0.06746031746031746 0.09656084656084656
1 0.8695436507936508 0.30952380952380953 0.06448412698412699 0.10317460317460317
1 0.5649801587301587 0.5132275132275133 0.07837301587301587 0.1349206349206349
1 0.783234126984127 0.08465608465608465 0.050595238095238096 0.07671957671957672
1 0.8333333333333334 0.6455026455026455 0.08928571428571429 0.14814814814814814
