1 0.04563492063492063 0.10119047619047619 0.06349206349206349 0.05952380952380952
1 0.3759920634920635 0.22288359788359788 0.0873015873015873 0.14682539682539683
1 0.35267857142857145 0.4312169312169312 0.03273809523809524 0.05555555555555555
1 0.45287698412698413 0.20634920634920634 0.0625 0.08465608465608465
0 0.49404761904761907 0.3472222222222222 0.07936507936507936 0.14682539682539683
1 0.5892857142857143 0.3723544973544973 0.07341269841269842 0.13095238095238096
1 0.6438492063492064 0.12632275132275134 0.057539682539682536 0.05952380952380952
1 0.7589285714285714 0.40343915343915343 0.06746031746031746 0.09523809523809523
1 0.7926587301587301 0.4675925925925926 0.07738095238095238 0.15211640211640212
1 0.9027777777777778 0.5079365079365079 0.05952380952380952 0.09259259259259259
