1 0.10119047619047619 0.4828042328042328 0.09722222222222222 0.14814814814814814
2 0.3263888888888889 0.6415343915343915 0.1130952380952381 0.1984126984126984
1 0.4429563492063492 0.455026455026455 0.0744047619047619 0.15343915343915343
1 0.5233134920634921 0.4556878306878307 0.060515873015873016 0.08597883597883597
1 0.5138888888888888 0.2222222222222222 0.06746031746031746 0.10052910052910052
1 0.7261904761904762 0.58994708994709 0.0873015873015873 0.17989417989417988
1 0.7103174603174603 0.4126984126984127 0.04563492063492063 0.07936507936507936
0 0.6284722222222222 0.4497354497354497 0.08630952380952381 0.17989417989417988
1 0.8358134920634921 0.4021164021164021 0.08630952380952381 0.1349206349206349
1 0.7306547619047619 0.07605820105820106 0.040674603174603176 0.06746031746031746
1 0.9513888888888888 0.10515873015873016 0.04563492063492063 0.062169312169312166
