1 0.17212301587301587 0.2414021164021164 0.1259920634920635 0.13095238095238096
1 0.021825396825396824 0.5066137566137566 0.04365079365079365 0.10052910052910052
1 0.22420634920634921 0.36177248677248675 0.09325396825396826 0.10185185185185185
1 0.27976190476190477 0.5132275132275133 0.02976190476190476 0.06084656084656084
1 0.34424603174603174 0.4689153439153439 0.057539682539682536 0.05952380952380952
0 0.4310515873015873 0.5238095238095238 0.11210317460317461 0.25132275132275134
1 0.5342261904761905 0.5575396825396826 0.08630952380952381 0.17857142857142858
1 0.7063492063492064 0.12169312169312169 0.06349206349206349 0.06878306878306878
1 0.7693452380952381 0.30423280423280424 0.040674603174603176 0.05555555555555555
1 0.19047619047619047 0.6005291005291006 0.04563492063492063 0.06878306878306878
1 0.6096230158730159 0.6137566137566137 0.022817460317460316 0.04497354497354497
