2 0.5218253968253969 0.5251322751322751 0.12103174603174603 0.26455026455026454
2 0.8487103174603174 0.01984126984126984 0.09027777777777778 0.03968253968253968
2 0.6681547619047619 0.3664021164021164 0.15575396825396826 0.23809523809523808
1 0.6284722222222222 0.5185185185185185 0.0882936507936508 0.1402116402116402
1 0.5436507936507936 0.2638888888888889 0.09722222222222222 0.14417989417989419
1 0.30853174603174605 0.5105820105820106 0.061507936507936505 0.15873015873015872
1 0.40625 0.5317460317460317 0.14384920634920634 0.26455026455026454
1 0.42509920634920634 0.7037037037037037 0.08630952380952381 0.12698412698412698
1 0.9122023809523809 0.1402116402116402 0.060515873015873016 0.06349206349206349
1 0.37549603174603174 0.4947089947089947 0.04662698412698413 0.07407407407407407
1 0.8958333333333334 0.05489417989417989 0.13095238095238096 0.10978835978835978
1 0.17261904761904762 0.11177248677248677 0.041666666666666664 0.06481481481481481
