0 0.1423611111111111 0.576058201058201 0.11805555555555555 0.21031746031746032
2 0.4290674603174603 0.39814814814814814 0.10416666666666667 0.25132275132275134
2 0.5550595238095238 0.1593915343915344 0.12003968253968254 0.16005291005291006
2 0.5580357142857143 0.5634920634920635 0.1259920634920635 0.1984126984126984
1 0.9027777777777778 0.4444444444444444 0.03571428571428571 0.03968253968253968
1 0.4320436507936508 0.6018518518518519 0.09623015873015874 0.1349206349206349
1 0.6205357142857143 0.6375661375661376 0.06646825396825397 0.10052910052910052
1 0.7415674603174603 0.5079365079365079 0.03273809523809524 0.042328042328042326
1 0.3308531746031746 0.43716931216931215 0.030753968253968252 0.06481481481481481
1 0.07738095238095238 0.5529100529100529 0.021825396825396824 0.05026455026455026
1 0.533234126984127 0.4556878306878307 0.1359126984126984 0.25
