1 0.6433531746031746 0.4669312169312169 0.07837301587301587 0.10317460317460317
1 0.5491071428571429 0.4451058201058201 0.05654761904761905 0.08862433862433862
1 0.10069444444444445 0.3253968253968254 0.054563492063492064 0.06349206349206349
1 0.1875 0.22685185185185186 0.07341269841269842 0.0701058201058201
1 0.020833333333333332 0.330026455026455 0.041666666666666664 0.10185185185185185
1 0.15029761904761904 0.12632275132275134 0.028769841269841268 0.03835978835978836
1 0.6830357142857143 0.36243386243386244 0.05654761904761905 0.07671957671957672
1 0.597718253968254 0.31415343915343913 0.05853174603174603 0.07275132275132275
1 0.9171626984126984 0.08068783068783068 0.03273809523809524 0.042328042328042326
1 0.902281746031746 0.3472222222222222 0.04861111111111111 0.08068783068783068
1 0.43898809523809523 0.4914021164021164 0.07837301587301587 0.14947089947089948
1 0.7152777777777778 0.06812169312169312 0.07341269841269842 0.056878306878306875
