0 0.30654761904761907 0.06349206349206349 0.03968253968253968 0.06613756613756613
1 0.3239087301587302 0.1335978835978836 0.07242063492063493 0.07936507936507936
1 0.27380952380952384 0.20105820105820105 0.03373015873015873 0.05026455026455026
1 0.8526785714285714 0.05886243386243386 0.05853174603174603 0.046296296296296294
1 0.19444444444444445 0.07341269841269842 0.047619047619047616 0.041005291005291
1 0.8779761904761905 0.11574074074074074 0.06746031746031746 0.04894179894179894
1 0.9598214285714286 0.13822751322751323 0.054563492063492064 0.062169312169312166
1 0.625 0.43187830687830686 0.11507936507936507 0.18121693121693122
1 0.7375992063492064 0.49074074074074076 0.07837301587301587 0.15873015873015872
1 0.44642857142857145 0.4808201058201058 0.05555555555555555 0.08597883597883597
