0 0.36061507936507936 0.3835978835978836 0.0882936507936508 0.15079365079365079
1 0.7410714285714286 0.22023809523809523 0.08333333333333333 0.0701058201058201
1 0.030257936507936508 0.31812169312169314 0.04265873015873016 0.04894179894179894
1 0.042162698412698416 0.24272486772486773 0.054563492063492064 0.05952380952380952
1 0.40625 0.453042328042328 0.03869047619047619 0.05423280423280423
1 0.31547619047619047 0.31084656084656087 0.04365079365079365 0.05026455026455026
1 0.41716269841269843 0.17195767195767195 0.03670634920634921 0.06878306878306878
1 0.5059523809523809 0.419973544973545 0.041666666666666664 0.06481481481481481
1 0.5540674603174603 0.3492063492063492 0.0744047619047619 0.09788359788359788
1 0.6091269841269841 0.1474867724867725 0.06746031746031746 0.08068783068783068
1 0.4583333333333333 0.4166666666666667 0.07738095238095238 0.14814814814814814
2 0.839781746031746 0.022486772486772486 0.08234126984126984 0.04497354497354497
