0 0.5163690476190477 0.5740740740740741 0.11408730158730158 0.21428571428571427
2 0.24702380952380953 0.08002645502645503 0.07142857142857142 0.08597883597883597
2 0.2490079365079365 0.2037037037037037 0.1388888888888889 0.1402116402116402
2 0.8923611111111112 0.042328042328042326 0.03273809523809524 0.07936507936507936
1 0.6076388888888888 0.22817460317460317 0.034722222222222224 0.046296296296296294
1 0.11607142857142858 0.42658730158730157 0.027777777777777776 0.041005291005291
1 0.1746031746031746 0.10052910052910052 0.047619047619047616 0.04497354497354497
1 0.12202380952380952 0.14682539682539683 0.041666666666666664 0.047619047619047616
1 0.8625992063492064 0.03439153439153439 0.03273809523809524 0.047619047619047616
1 0.902281746031746 0.28174603174603174 0.060515873015873016 0.07407407407407407
1 0.41716269841269843 0.621031746031746 0.07242063492063493 0.1388888888888889
1 0.6245039682539683 0.6302910052910053 0.060515873015873016 0.10185185185185185
