0 0.43898809523809523 0.4226190476190476 0.13194444444444445 0.25
1 0.3159722222222222 0.4021164021164021 0.07043650793650794 0.10317460317460317
1 0.751984126984127 0.20238095238095238 0.07936507936507936 0.0873015873015873
1 0.9732142857142857 0.16997354497354497 0.051587301587301584 0.06481481481481481
1 0.5476190476190477 0.4669312169312169 0.09523809523809523 0.17195767195767195
1 0.6646825396825397 0.12037037037037036 0.03373015873015873 0.04497354497354497
1 0.3556547619047619 0.4708994708994709 0.03670634920634921 0.06084656084656084
1 0.019345238095238096 0.20833333333333334 0.034722222222222224 0.11243386243386243
1 0.12053571428571429 0.06613756613756613 0.054563492063492064 0.042328042328042326
1 0.1463293650793651 0.1349206349206349 0.13194444444444445 0.15343915343915343
