0 0.7911706349206349 0.4794973544973545 0.08630952380952381 0.14417989417989419
0 0.5114087301587301 0.5191798941798942 0.13194444444444445 0.18915343915343916
2 0.4945436507936508 0.3194444444444444 0.22123015873015872 0.2976190476190476
2 0.6448412698412699 0.4451058201058201 0.1349206349206349 0.25
1 0.37351190476190477 0.24867724867724866 0.0625 0.09788359788359788
1 0.40228174603174605 0.458994708994709 0.050595238095238096 0.07142857142857142
1 0.29712301587301587 0.1078042328042328 0.05853174603174603 0.06746031746031746
1 0.7971230158730159 0.4126984126984127 0.0744047619047619 0.1455026455026455
1 0.96875 0.27116402116402116 0.05654761904761905 0.05555555555555555
1 0.9821428571428571 0.2751322751322751 0.03373015873015873 0.05555555555555555
