0 0.32589285714285715 0.1818783068783069 0.08234126984126984 0.1970899470899471
2 0.6016865079365079 0.48478835978835977 0.11805555555555555 0.19444444444444445
2 0.7465277777777778 0.5714285714285714 0.060515873015873016 0.1349206349206349
2 0.8829365079365079 0.6091269841269841 0.15079365079365079 0.26851851851851855
2 0.43898809523809523 0.5423280423280423 0.11805555555555555 0.18253968253968253
1 0.9806547619047619 0.3644179894179894 0.03670634920634921 0.11772486772486772
1 0.7395833333333334 0.28505291005291006 0.054563492063492064 0.08333333333333333
1 0.25 0.18783068783068782 0.06547619047619048 0.10317460317460317
1 0.03869047619047619 0.01984126984126984 0.06944444444444445 0.03968253968253968
1 0.26537698412698413 0.36177248677248675 0.09821428571428571 0.14153439153439154
1 0.3080357142857143 0.03042328042328042 0.044642857142857144 0.042328042328042326
1 0.6760912698412699 0.6931216931216931 0.12003968253968254 0.21693121693121692
1 0.6428571428571429 0.4914021164021164 0.037698412698412696 0.0701058201058201
1 0.4915674603174603 0.6527777777777778 0.09226190476190477 0.14417989417989419
1 0.5828373015873016 0.667989417989418 0.08630952380952381 0.1349206349206349
