0 0.8953373015873016 0.16203703703703703 0.0882936507936508 0.12566137566137567
2 0.46081349206349204 0.4523809523809524 0.0882936507936508 0.15343915343915343
2 0.8983134920634921 0.1626984126984127 0.08432539682539683 0.11375661375661375
1 0.41517857142857145 0.3921957671957672 0.034722222222222224 0.05423280423280423
1 0.7048611111111112 0.018518518518518517 0.04265873015873016 0.037037037037037035
1 0.04861111111111111 0.06878306878306878 0.06746031746031746 0.0873015873015873
1 0.8715277777777778 0.05555555555555555 0.08432539682539683 0.09523809523809523
1 0.7723214285714286 0.10119047619047619 0.0882936507936508 0.0992063492063492
1 0.5823412698412699 0.35648148148148145 0.0496031746031746 0.06746031746031746
1 0.28720238095238093 0.32142857142857145 0.040674603174603176 0.06613756613756613
1 0.6428571428571429 0.37433862433862436 0.07936507936507936 0.1111111111111111
1 0.7152777777777778 0.20436507936507936 0.037698412698412696 0.04365079365079365
1 0.5396825396825397 0.42923280423280424 0.06746031746031746 0.11772486772486772
