0 0.6870039682539683 0.31283068783068785 0.14186507936507936 0.18915343915343916
0 0.6036706349206349 0.4894179894179894 0.11607142857142858 0.21428571428571427
0 0.47668650793650796 0.5145502645502645 0.14186507936507936 0.2857142857142857
1 0.027777777777777776 0.09325396825396826 0.05555555555555555 0.12566137566137567
1 0.3308531746031746 0.3472222222222222 0.060515873015873016 0.08597883597883597
1 0.6944444444444444 0.45105820105820105 0.07738095238095238 0.09523809523809523
1 0.3621031746031746 0.5145502645502645 0.07142857142857142 0.11904761904761904
1 0.2251984126984127 0.025793650793650792 0.0496031746031746 0.04894179894179894
1 0.78125 0.03902116402116402 0.04265873015873016 0.046296296296296294
1 0.8253968253968254 0.06018518518518518 0.03373015873015873 0.041005291005291
1 0.8095238095238095 0.2923280423280423 0.0496031746031746 0.06613756613756613
