0 0.7172619047619048 0.3478835978835979 0.0992063492063492 0.16666666666666666
0 0.6448412698412699 0.41798941798941797 0.07341269841269842 0.14285714285714285
2 0.5471230158730159 0.5158730158730159 0.11011904761904762 0.16137566137566137
1 0.970734126984127 0.11044973544973545 0.05654761904761905 0.08333333333333333
1 0.8655753968253969 0.26455026455026454 0.0625 0.082010582010582
1 0.40674603174603174 0.3994708994708995 0.04365079365079365 0.09259259259259259
1 0.779265873015873 0.31746031746031744 0.03670634920634921 0.047619047619047616
1 0.4742063492063492 0.414021164021164 0.06944444444444445 0.11904761904761904
1 0.3621031746031746 0.37962962962962965 0.04365079365079365 0.06878306878306878
1 0.3373015873015873 0.3115079365079365 0.09523809523809523 0.10185185185185185
1 0.5684523809523809 0.36507936507936506 0.10119047619047619 0.16666666666666666
