1 0.6820436507936508 0.5291005291005291 0.07242063492063493 0.08994708994708994
1 0.018353174603174604 0.24603174603174602 0.030753968253968252 0.04497354497354497
1 0.1463293650793651 0.1746031746031746 0.030753968253968252 0.042328042328042326
1 0.279265873015873 0.2552910052910053 0.03670634920634921 0.05026455026455026
1 0.6026785714285714 0.2123015873015873 0.0744047619047619 0.062169312169312166
1 0.013888888888888888 0.207010582010582 0.027777777777777776 0.046296296296296294
1 0.7524801587301587 0.294973544973545 0.04265873015873016 0.04497354497354497
1 0.5669642857142857 0.5853174603174603 0.08432539682539683 0.1626984126984127
1 0.030753968253968252 0.1421957671957672 0.057539682539682536 0.06746031746031746
1 0.12797619047619047 0.35978835978835977 0.037698412698412696 0.05026455026455026
1 0.23214285714285715 0.5906084656084656 0.04563492063492063 0.06481481481481481
1 0.18998015873015872 0.36574074074074076 0.09623015873015874 0.09391534391534391
1 0.5778769841269841 0.4312169312169312 0.08035714285714286 0.1111111111111111
1 0.7281746031746031 0.22552910052910052 0.04365079365079365 0.07275132275132275
1 0.43154761904761907 0.5972222222222222 0.051587301587301584 0.08333333333333333
