1 0.40029761904761907 0.24338624338624337 0.060515873015873016 0.082010582010582
1 0.19543650793650794 0.28505291005291006 0.03373015873015873 0.051587301587301584
2 0.4280753968253968 0.4523809523809524 0.12996031746031747 0.2724867724867725
0 0.4861111111111111 0.6018518518518519 0.10119047619047619 0.20634920634920634
1 0.5882936507936508 0.6111111111111112 0.07539682539682539 0.14285714285714285
1 0.6254960317460317 0.5224867724867724 0.05257936507936508 0.09788359788359788
1 0.6572420634920635 0.2744708994708995 0.09424603174603174 0.12566137566137567
2 0.6929563492063492 0.4246031746031746 0.0625 0.10582010582010581
1 0.9697420634920635 0.35714285714285715 0.05853174603174603 0.10846560846560846
1 0.27728174603174605 0.12632275132275134 0.03670634920634921 0.062169312169312166
