0 0.4568452380952381 0.49404761904761907 0.1597222222222222 0.23677248677248677
2 0.6135912698412699 0.5853174603174603 0.1498015873015873 0.3082010582010582
1 0.7991071428571429 0.24074074074074073 0.06646825396825397 0.09523809523809523
1 0.40922619047619047 0.07473544973544974 0.028769841269841268 0.056878306878306875
1 0.19593253968253968 0.3134920634920635 0.07837301587301587 0.1164021164021164
1 0.5109126984126984 0.046296296296296294 0.03571428571428571 0.03968253968253968
1 0.41418650793650796 0.1832010582010582 0.03670634920634921 0.04894179894179894
1 0.3740079365079365 0.33201058201058203 0.12896825396825398 0.22486772486772486
1 0.5282738095238095 0.6990740740740741 0.13988095238095238 0.2447089947089947
1 0.7514880952380952 0.48148148148148145 0.12996031746031747 0.2328042328042328
