0 0.13988095238095238 0.3578042328042328 0.1111111111111111 0.18386243386243387
0 0.36904761904761907 0.5595238095238095 0.1388888888888889 0.2275132275132275
2 0.8596230158730159 0.025793650793650792 0.09623015873015874 0.051587301587301584
2 0.5838293650793651 0.35119047619047616 0.12996031746031747 0.19444444444444445
1 0.25 0.4054232804232804 0.05952380952380952 0.08333333333333333
1 0.5689484126984127 0.18518518518518517 0.06845238095238096 0.10052910052910052
1 0.39087301587301587 0.41335978835978837 0.07341269841269842 0.1335978835978836
1 0.49702380952380953 0.6263227513227513 0.06746031746031746 0.12566137566137567
1 0.3888888888888889 0.14087301587301587 0.031746031746031744 0.041005291005291
1 0.7430555555555556 0.6408730158730159 0.07341269841269842 0.12566137566137567
1 0.5709325396825397 0.6071428571428571 0.0744047619047619 0.1455026455026455
