0 0.5803571428571429 0.5436507936507936 0.08531746031746032 0.18253968253968253
0 0.4826388888888889 0.46825396825396826 0.0882936507936508 0.17989417989417988
1 0.06448412698412699 0.061507936507936505 0.03571428571428571 0.041005291005291
1 0.4087301587301587 0.4894179894179894 0.0496031746031746 0.10317460317460317
1 0.7599206349206349 0.414021164021164 0.051587301587301584 0.06878306878306878
1 0.27529761904761907 0.20502645502645503 0.028769841269841268 0.03968253968253968
1 0.09672619047619048 0.3082010582010582 0.040674603174603176 0.05026455026455026
1 0.9895833333333334 0.531084656084656 0.016865079365079364 0.06746031746031746
1 0.24206349206349206 0.12566137566137567 0.027777777777777776 0.03439153439153439
1 0.1359126984126984 0.1712962962962963 0.023809523809523808 0.04365079365079365
1 0.8075396825396826 0.33201058201058203 0.041666666666666664 0.047619047619047616
1 0.9692460317460317 0.4675925925925926 0.05952380952380952 0.15211640211640212
1 0.35962301587301587 0.3921957671957672 0.09424603174603174 0.15476190476190477
1 0.10367063492063493 0.41203703703703703 0.050595238095238096 0.08862433862433862
