0 0.6160714285714286 0.6805555555555556 0.1111111111111111 0.1970899470899471
0 0.7301587301587301 0.2261904761904762 0.061507936507936505 0.07142857142857142
1 0.2123015873015873 0.376984126984127 0.023809523809523808 0.0291005291005291
1 0.1378968253968254 0.30357142857142855 0.051587301587301584 0.046296296296296294
1 0.6498015873015873 0.5456349206349206 0.1111111111111111 0.11243386243386243
1 0.45089285714285715 0.5608465608465608 0.040674603174603176 0.06613756613756613
1 0.8154761904761905 0.36574074074074076 0.041666666666666664 0.062169312169312166
1 0.7450396825396826 0.41798941798941797 0.0496031746031746 0.047619047619047616
1 0.716765873015873 0.32142857142857145 0.028769841269841268 0.0291005291005291
1 0.021825396825396824 0.11904761904761904 0.03373015873015873 0.05555555555555555
