0 0.5520833333333334 0.5152116402116402 0.0882936507936508 0.167989417989418
1 0.3844246031746032 0.5072751322751323 0.030753968253968252 0.03835978835978836
1 0.4384920634920635 0.4775132275132275 0.05357142857142857 0.08994708994708994
1 0.6646825396825397 0.021164021164021163 0.047619047619047616 0.037037037037037035
1 0.5441468253968254 0.3287037037037037 0.028769841269841268 0.03835978835978836
1 0.6393849206349206 0.49074074074074076 0.08035714285714286 0.1164021164021164
1 0.4955357142857143 0.5383597883597884 0.034722222222222224 0.05291005291005291
1 0.15178571428571427 0.25132275132275134 0.05952380952380952 0.06349206349206349
1 0.6949404761904762 0.21494708994708994 0.04662698412698413 0.056878306878306875
1 0.13045634920634921 0.32671957671957674 0.026785714285714284 0.031746031746031744
1 0.7554563492063492 0.13756613756613756 0.0248015873015873 0.042328042328042326
1 0.22073412698412698 0.2003968253968254 0.034722222222222224 0.04894179894179894
1 0.8125 0.18055555555555555 0.051587301587301584 0.05952380952380952
1 0.03125 0.4755291005291005 0.030753968253968252 0.03571428571428571
1 0.6567460317460317 0.36772486772486773 0.027777777777777776 0.03439153439153439
