1 0.3427579365079365 0.18253968253968253 0.03273809523809524 0.042328042328042326
1 0.3179563492063492 0.36044973544973546 0.09623015873015874 0.19444444444444445
2 0.44642857142857145 0.3194444444444444 0.17261904761904762 0.24735449735449735
2 0.6488095238095238 0.1541005291005291 0.1765873015873016 0.1574074074074074
1 0.7088293650793651 0.09193121693121693 0.060515873015873016 0.07275132275132275
2 0.5803571428571429 0.4041005291005291 0.0992063492063492 0.12301587301587301
1 0.6706349206349206 0.3425925925925926 0.06944444444444445 0.05291005291005291
1 0.6607142857142857 0.4894179894179894 0.07539682539682539 0.07407407407407407
1 0.7638888888888888 0.4689153439153439 0.047619047619047616 0.05952380952380952
1 0.9226190476190477 0.5145502645502645 0.047619047619047616 0.0582010582010582
