0 0.814484126984127 0.32671957671957674 0.16666666666666666 0.16666666666666666
2 0.5540674603174603 0.6130952380952381 0.09424603174603174 0.07539682539682539
2 0.42063492063492064 0.4801587301587302 0.10912698412698413 0.24338624338624337
1 0.3472222222222222 0.6798941798941799 0.06944444444444445 0.09788359788359788
1 0.3655753968253968 0.013227513227513227 0.050595238095238096 0.026455026455026454
1 0.6755952380952381 0.6673280423280423 0.06944444444444445 0.09656084656084656
1 0.1661706349206349 0.1164021164021164 0.04265873015873016 0.05291005291005291
1 0.21031746031746032 0.10185185185185185 0.08134920634920635 0.10846560846560846
1 0.7881944444444444 0.06878306878306878 0.11607142857142858 0.09788359788359788
1 0.7509920634920635 0.5886243386243386 0.027777777777777776 0.047619047619047616
1 0.683531746031746 0.548941798941799 0.125 0.25396825396825395
1 0.23115079365079366 0.4113756613756614 0.057539682539682536 0.07407407407407407
