0 0.40773809523809523 0.42658730158730157 0.10317460317460317 0.18915343915343916
0 0.6448412698412699 0.26256613756613756 0.09722222222222222 0.14153439153439154
1 0.3343253968253968 0.38756613756613756 0.031746031746031744 0.047619047619047616
1 0.2926587301587302 0.291005291005291 0.021825396825396824 0.03439153439153439
1 0.5699404761904762 0.30092592592592593 0.04861111111111111 0.06481481481481481
1 0.8373015873015873 0.24338624338624337 0.02976190476190476 0.03439153439153439
1 0.34871031746031744 0.3115079365079365 0.044642857142857144 0.04894179894179894
1 0.7455357142857143 0.12896825396825398 0.04662698412698413 0.05952380952380952
1 0.23065476190476192 0.082010582010582 0.050595238095238096 0.05555555555555555
1 0.5391865079365079 0.3869047619047619 0.07242063492063493 0.11507936507936507
