0 0.628968253968254 0.4246031746031746 0.1111111111111111 0.1746031746031746
1 0.15873015873015872 0.3558201058201058 0.03571428571428571 0.04497354497354497
1 0.15773809523809523 0.2724867724867725 0.023809523809523808 0.03968253968253968
1 0.5367063492063492 0.3941798941798942 0.07738095238095238 0.12169312169312169
1 0.6140873015873016 0.32341269841269843 0.041666666666666664 0.04894179894179894
1 0.7857142857142857 0.0582010582010582 0.08928571428571429 0.06613756613756613
1 0.8025793650793651 0.09722222222222222 0.06349206349206349 0.07539682539682539
1 0.20932539682539683 0.21957671957671956 0.08928571428571429 0.08994708994708994
1 0.9429563492063492 0.2923280423280423 0.05257936507936508 0.06613756613756613
1 0.25148809523809523 0.32076719576719576 0.022817460317460316 0.05423280423280423
