0 0.8462301587301587 0.5231481481481481 0.12103174603174603 0.26322751322751325
1 0.7182539682539683 0.5601851851851852 0.10317460317460317 0.167989417989418
1 0.6567460317460317 0.21693121693121692 0.125 0.16666666666666666
1 0.43253968253968256 0.2705026455026455 0.061507936507936505 0.08862433862433862
1 0.7718253968253969 0.41203703703703703 0.11507936507936507 0.20767195767195767
1 0.34523809523809523 0.40476190476190477 0.0873015873015873 0.17724867724867724
1 0.5654761904761905 0.3445767195767196 0.08333333333333333 0.1626984126984127
1 0.16071428571428573 0.5482804232804233 0.08134920634920635 0.10714285714285714
1 0.2748015873015873 0.026455026455026454 0.051587301587301584 0.047619047619047616
1 0.4806547619047619 0.34325396825396826 0.06845238095238096 0.11243386243386243
1 0.6577380952380952 0.4417989417989418 0.1111111111111111 0.20899470899470898
1 0.2708333333333333 0.5681216931216931 0.10515873015873016 0.22354497354497355
