0 0.7777777777777778 0.2751322751322751 0.12103174603174603 0.12698412698412698
2 0.5362103174603174 0.43783068783068785 0.12202380952380952 0.15608465608465608
2 0.4260912698412698 0.37632275132275134 0.11210317460317461 0.19973544973544974
1 0.9226190476190477 0.0496031746031746 0.06746031746031746 0.06481481481481481
1 0.2787698412698413 0.28505291005291006 0.0992063492063492 0.0992063492063492
1 0.1498015873015873 0.3425925925925926 0.037698412698412696 0.047619047619047616
1 0.2361111111111111 0.501984126984127 0.031746031746031744 0.03835978835978836
1 0.8526785714285714 0.082010582010582 0.03273809523809524 0.03968253968253968
1 0.7331349206349206 0.4755291005291005 0.08333333333333333 0.13624338624338625
1 0.2584325396825397 0.07605820105820106 0.03869047619047619 0.07804232804232804
1 0.12103174603174603 0.12301587301587301 0.037698412698412696 0.03439153439153439
