0 0.5892857142857143 0.49007936507936506 0.09523809523809523 0.1970899470899471
2 0.39384920634920634 0.3776455026455027 0.18452380952380953 0.21296296296296297
1 0.6681547619047619 0.4226190476190476 0.0625 0.08862433862433862
1 0.2564484126984127 0.2156084656084656 0.03670634920634921 0.04497354497354497
1 0.4593253968253968 0.4636243386243386 0.06746031746031746 0.10449735449735449
1 0.6240079365079365 0.3373015873015873 0.031746031746031744 0.03968253968253968
1 0.5555555555555556 0.36243386243386244 0.027777777777777776 0.05555555555555555
1 0.5168650793650794 0.4054232804232804 0.061507936507936505 0.1335978835978836
1 0.5550595238095238 0.31415343915343913 0.030753968253968252 0.041005291005291
1 0.31299603174603174 0.027777777777777776 0.05257936507936508 0.05555555555555555
