0 0.314484126984127 0.4642857142857143 0.13690476190476192 0.17989417989417988
2 0.43700396825396826 0.4636243386243386 0.08035714285714286 0.17063492063492064
2 0.533234126984127 0.30423280423280424 0.08035714285714286 0.15343915343915343
1 0.15178571428571427 0.4603174603174603 0.12103174603174603 0.15079365079365079
1 0.4201388888888889 0.06481481481481481 0.030753968253968252 0.042328042328042326
1 0.15674603174603174 0.3412698412698413 0.07341269841269842 0.0873015873015873
1 0.5208333333333334 0.6025132275132276 0.041666666666666664 0.05423280423280423
1 0.3209325396825397 0.32341269841269843 0.04265873015873016 0.051587301587301584
1 0.8373015873015873 0.22883597883597884 0.1111111111111111 0.164021164021164
1 0.48412698412698413 0.4279100529100529 0.10515873015873016 0.17328042328042328
2 0.27033730158730157 0.3723544973544973 0.11607142857142858 0.31613756613756616
