0 0.7604166666666666 0.49603174603174605 0.13194444444444445 0.24338624338624337
0 0.34523809523809523 0.5264550264550265 0.11706349206349206 0.20899470899470898
0 0.6463293650793651 0.5079365079365079 0.08234126984126984 0.13756613756613756
2 0.2584325396825397 0.35912698412698413 0.14186507936507936 0.3055555555555556
1 0.8874007936507936 0.47023809523809523 0.10416666666666667 0.18915343915343916
1 0.11656746031746032 0.13293650793650794 0.040674603174603176 0.05952380952380952
1 0.17609126984126985 0.43584656084656087 0.06845238095238096 0.17857142857142858
1 0.5327380952380952 0.5403439153439153 0.06944444444444445 0.1283068783068783
1 0.466765873015873 0.5066137566137566 0.06448412698412699 0.12169312169312169
1 0.7137896825396826 0.1712962962962963 0.0763888888888889 0.1283068783068783
