0 0.6949404761904762 0.5787037037037037 0.11805555555555555 0.23148148148148148
2 0.4503968253968254 0.7083333333333334 0.10317460317460317 0.20767195767195767
2 0.6339285714285714 0.10251322751322751 0.09523809523809523 0.09391534391534391
1 0.41716269841269843 0.5191798941798942 0.05853174603174603 0.08862433862433862
1 0.7242063492063492 0.3445767195767196 0.037698412698412696 0.04894179894179894
1 0.5223214285714286 0.5132275132275133 0.0763888888888889 0.09523809523809523
1 0.1810515873015873 0.4894179894179894 0.04265873015873016 0.05555555555555555
1 0.5376984126984127 0.2208994708994709 0.025793650793650792 0.03439153439153439
1 0.5114087301587301 0.5906084656084656 0.0882936507936508 0.11507936507936507
1 0.6592261904761905 0.5767195767195767 0.05654761904761905 0.1111111111111111
1 0.4955357142857143 0.40145502645502645 0.09424603174603174 0.1388888888888889
