2 0.46378968253968256 0.22685185185185186 0.13392857142857142 0.24206349206349206
2 0.6036706349206349 0.48478835978835977 0.15575396825396826 0.294973544973545
1 0.7113095238095238 0.3644179894179894 0.11706349206349206 0.2208994708994709
1 0.7827380952380952 0.26785714285714285 0.10119047619047619 0.14417989417989419
1 0.7425595238095238 0.167989417989418 0.1359126984126984 0.14285714285714285
1 0.43253968253968256 0.5932539682539683 0.07142857142857142 0.10714285714285714
1 0.6359126984126984 0.1474867724867725 0.023809523809523808 0.03306878306878307
1 0.8715277777777778 0.26785714285714285 0.11408730158730158 0.15211640211640212
1 0.8908730158730159 0.32275132275132273 0.0496031746031746 0.06613756613756613
1 0.42658730158730157 0.751984126984127 0.125 0.1917989417989418
