0 0.6279761904761905 0.3974867724867725 0.07936507936507936 0.1388888888888889
0 0.19940476190476192 0.09656084656084656 0.08333333333333333 0.11375661375661375
0 0.05406746031746032 0.30886243386243384 0.0882936507936508 0.11507936507936507
2 0.5054563492063492 0.5211640211640212 0.11210317460317461 0.16666666666666666
1 0.5486111111111112 0.37896825396825395 0.07341269841269842 0.10185185185185185
1 0.808531746031746 0.2261904761904762 0.07539682539682539 0.08994708994708994
1 0.3308531746031746 0.43915343915343913 0.08035714285714286 0.10582010582010581
1 0.13839285714285715 0.09457671957671958 0.03670634920634921 0.051587301587301584
1 0.279265873015873 0.3492063492063492 0.0744047619047619 0.0873015873015873
1 0.1433531746031746 0.26256613756613756 0.10416666666666667 0.1388888888888889
1 0.7628968253968254 0.32275132275132273 0.125 0.12698412698412698
1 0.6760912698412699 0.2705026455026455 0.03670634920634921 0.03835978835978836
