0 0.5074404761904762 0.5119047619047619 0.0882936507936508 0.21693121693121692
0 0.7123015873015873 0.2037037037037037 0.1488095238095238 0.12962962962962962
2 0.33779761904761907 0.4755291005291005 0.11210317460317461 0.21825396825396826
1 0.6408730158730159 0.3531746031746032 0.047619047619047616 0.07671957671957672
1 0.7485119047619048 0.022486772486772486 0.0625 0.04497354497354497
1 0.3298611111111111 0.29894179894179895 0.05654761904761905 0.08465608465608465
1 0.24404761904761904 0.4080687830687831 0.08333333333333333 0.14682539682539683
1 0.19990079365079366 0.21494708994708994 0.030753968253968252 0.03835978835978836
1 0.4469246031746032 0.49007936507936506 0.03670634920634921 0.051587301587301584
1 0.5749007936507936 0.4060846560846561 0.07043650793650794 0.12433862433862433
1 0.7306547619047619 0.31812169312169314 0.03273809523809524 0.03571428571428571
1 0.06349206349206349 0.2552910052910053 0.08333333333333333 0.10052910052910052
