0 0.14930555555555555 0.35119047619047616 0.11210317460317461 0.1283068783068783
2 0.8224206349206349 0.31746031746031744 0.1349206349206349 0.15608465608465608
2 0.14930555555555555 0.3505291005291005 0.11011904761904762 0.12698412698412698
2 0.4935515873015873 0.49867724867724866 0.0882936507936508 0.12698412698412698
1 0.6845238095238095 0.49537037037037035 0.05357142857142857 0.08068783068783068
1 0.5803571428571429 0.6924603174603174 0.03571428571428571 0.056878306878306875
1 0.3521825396825397 0.42063492063492064 0.031746031746031744 0.042328042328042326
1 0.1840277777777778 0.29034391534391535 0.044642857142857144 0.056878306878306875
1 0.07242063492063493 0.49074074074074076 0.027777777777777776 0.042328042328042326
1 0.5838293650793651 0.31415343915343913 0.020833333333333332 0.03042328042328042
