2 0.26438492063492064 0.3201058201058201 0.14583333333333334 0.17195767195767195
2 0.5858134920634921 0.49603174603174605 0.10615079365079365 0.16666666666666666
2 0.6706349206349206 0.6554232804232805 0.11507936507936507 0.22883597883597884
2 0.7797619047619048 0.6507936507936508 0.10119047619047619 0.1455026455026455
1 0.8898809523809523 0.34854497354497355 0.02976190476190476 0.041005291005291
1 0.6359126984126984 0.6144179894179894 0.06547619047619048 0.10449735449735449
1 0.26438492063492064 0.18783068783068782 0.050595238095238096 0.06349206349206349
1 0.9866071428571429 0.20965608465608465 0.022817460317460316 0.051587301587301584
1 0.7604166666666666 0.5416666666666666 0.10218253968253968 0.10978835978835978
1 0.3705357142857143 0.2876984126984127 0.06845238095238096 0.09126984126984126
