0 0.5486111111111112 0.791005291005291 0.11507936507936507 0.1931216931216931
0 0.7604166666666666 0.625 0.0882936507936508 0.17063492063492064
0 0.2058531746031746 0.7268518518518519 0.13392857142857142 0.25793650793650796
2 0.44345238095238093 0.548941798941799 0.1111111111111111 0.18783068783068782
2 0.6383928571428571 0.6984126984126984 0.15773809523809523 0.2962962962962963
2 0.7366071428571429 0.167989417989418 0.12996031746031747 0.14814814814814814
1 0.7157738095238095 0.027777777777777776 0.08035714285714286 0.05026455026455026
1 0.37648809523809523 0.5886243386243386 0.060515873015873016 0.09523809523809523
1 0.9206349206349206 0.3869047619047619 0.04365079365079365 0.062169312169312166
1 0.3576388888888889 0.7222222222222222 0.11408730158730158 0.21957671957671956
