0 0.32043650793650796 0.3683862433862434 0.10912698412698413 0.1865079365079365
0 0.7847222222222222 0.3082010582010582 0.09523809523809523 0.19047619047619047
2 0.41121031746031744 0.5522486772486772 0.10416666666666667 0.23677248677248677
1 0.2465277777777778 0.4689153439153439 0.050595238095238096 0.06481481481481481
1 0.5064484126984127 0.6203703703703703 0.06646825396825397 0.10582010582010581
1 0.4593253968253968 0.31746031746031744 0.0496031746031746 0.082010582010582
1 0.5267857142857143 0.5337301587301587 0.10317460317460317 0.14947089947089948
1 0.4965277777777778 0.30158730158730157 0.03273809523809524 0.05555555555555555
1 0.19890873015873015 0.3816137566137566 0.030753968253968252 0.03835978835978836
1 0.5372023809523809 0.38227513227513227 0.07242063492063493 0.13756613756613756
1 0.3288690476190476 0.5595238095238095 0.06448412698412699 0.11375661375661375
