0 0.2400793650793651 0.5251322751322751 0.12896825396825398 0.20105820105820105
2 0.7366071428571429 0.2526455026455027 0.12996031746031747 0.1349206349206349
1 0.4513888888888889 0.7208994708994709 0.14087301587301587 0.18253968253968253
1 0.15575396825396826 0.6031746031746031 0.07341269841269842 0.09788359788359788
1 0.6274801587301587 0.28505291005291006 0.08234126984126984 0.09656084656084656
1 0.0798611111111111 0.2526455026455027 0.050595238095238096 0.06613756613756613
1 0.5 0.5363756613756614 0.09523809523809523 0.14947089947089948
1 0.345734126984127 0.71494708994709 0.07837301587301587 0.13095238095238096
1 0.5615079365079365 0.036375661375661374 0.027777777777777776 0.03571428571428571
2 0.01636904761904762 0.06018518518518518 0.03273809523809524 0.09656084656084656
