0 0.4052579365079365 0.26256613756613756 0.08432539682539683 0.11243386243386243
0 0.6666666666666666 0.39814814814814814 0.13293650793650794 0.18783068783068782
2 0.9146825396825397 0.07473544973544974 0.08928571428571429 0.11243386243386243
2 0.6294642857142857 0.48544973544973546 0.07043650793650794 0.1349206349206349
1 0.061507936507936505 0.4041005291005291 0.07539682539682539 0.07539682539682539
1 0.527281746031746 0.4636243386243386 0.05654761904761905 0.11243386243386243
1 0.1488095238095238 0.3855820105820106 0.041666666666666664 0.04894179894179894
1 0.3462301587301587 0.32936507936507936 0.037698412698412696 0.07142857142857142
1 0.20734126984126985 0.37962962962962965 0.037698412698412696 0.06613756613756613
1 0.03968253968253968 0.29034391534391535 0.047619047619047616 0.05423280423280423
1 0.5783730158730159 0.48743386243386244 0.025793650793650792 0.05423280423280423
1 0.6686507936507936 0.3974867724867725 0.13293650793650794 0.1865079365079365
