0 0.46478174603174605 0.3776455026455027 0.10813492063492064 0.167989417989418
2 0.7748015873015873 0.20436507936507936 0.09722222222222222 0.14682539682539683
1 0.2058531746031746 0.016534391534391533 0.0744047619047619 0.03306878306878307
1 0.18551587301587302 0.06878306878306878 0.05357142857142857 0.06878306878306878
1 0.6473214285714286 0.3148148148148148 0.09027777777777778 0.09259259259259259
1 0.36061507936507936 0.3974867724867725 0.044642857142857144 0.07275132275132275
1 0.9677579365079365 0.21164021164021163 0.040674603174603176 0.0582010582010582
1 0.660218253968254 0.23743386243386244 0.03273809523809524 0.04894179894179894
1 0.9161706349206349 0.14947089947089948 0.020833333333333332 0.03968253968253968
1 0.7301587301587301 0.3664021164021164 0.02976190476190476 0.05026455026455026
