1 0.05009920634920635 0.3716931216931217 0.09424603174603174 0.18783068783068782
1 0.05009920634920635 0.5674603174603174 0.09821428571428571 0.21693121693121692
1 0.21180555555555555 0.21362433862433863 0.040674603174603176 0.07539682539682539
1 0.283234126984127 0.37433862433862436 0.10416666666666667 0.18783068783068782
1 0.31845238095238093 0.23941798941798942 0.06746031746031746 0.11904761904761904
1 0.44543650793650796 0.12301587301587301 0.10515873015873016 0.1164021164021164
2 0.4399801587301587 0.3664021164021164 0.11607142857142858 0.17989417989417988
1 0.5744047619047619 0.6712962962962963 0.09523809523809523 0.19973544973544974
0 0.4791666666666667 0.5634920634920635 0.12698412698412698 0.3148148148148148
2 0.7033730158730159 0.6256613756613757 0.1488095238095238 0.29365079365079366
1 0.7599206349206349 0.5806878306878307 0.11706349206349206 0.21957671957671956
