2 0.48115079365079366 0.2751322751322751 0.09722222222222222 0.1111111111111111
2 0.34226190476190477 0.40145502645502645 0.10317460317460317 0.14417989417989419
2 0.9940476190476191 0.4576719576719577 0.00992063492063492 0.07936507936507936
2 0.8308531746031746 0.5562169312169312 0.07242063492063493 0.13624338624338625
2 0.6721230158730159 0.47156084656084657 0.08630952380952381 0.1970899470899471
2 0.5560515873015873 0.5535714285714286 0.0763888888888889 0.13095238095238096
1 0.8571428571428571 0.3326719576719577 0.06349206349206349 0.08068783068783068
1 0.8938492063492064 0.6891534391534392 0.05952380952380952 0.082010582010582
1 0.4573412698412698 0.42857142857142855 0.037698412698412696 0.05026455026455026
1 0.6011904761904762 0.49933862433862436 0.06349206349206349 0.09656084656084656
1 0.7807539682539683 0.36507936507936506 0.037698412698412696 0.06084656084656084
1 0.29216269841269843 0.02976190476190476 0.0248015873015873 0.02513227513227513
1 0.746031746031746 0.5958994708994709 0.10515873015873016 0.17857142857142858
1 0.6974206349206349 0.4107142857142857 0.037698412698412696 0.05952380952380952
1 0.47023809523809523 0.3062169312169312 0.037698412698412696 0.051587301587301584
