0 0.4489087301587302 0.3134920634920635 0.09226190476190477 0.1349206349206349
2 0.29365079365079366 0.042328042328042326 0.05952380952380952 0.07142857142857142
1 0.7132936507936508 0.419973544973545 0.061507936507936505 0.08597883597883597
1 0.3149801587301587 0.1746031746031746 0.060515873015873016 0.07407407407407407
1 0.6587301587301587 0.21891534391534392 0.02976190476190476 0.041005291005291
1 0.35962301587301587 0.08333333333333333 0.060515873015873016 0.0582010582010582
1 0.13045634920634921 0.25793650793650796 0.07043650793650794 0.06084656084656084
1 0.6622023809523809 0.33796296296296297 0.034722222222222224 0.051587301587301584
1 0.27827380952380953 0.21891534391534392 0.050595238095238096 0.05952380952380952
1 0.2876984126984127 0.1388888888888889 0.05952380952380952 0.07671957671957672
1 0.5044642857142857 0.24933862433862433 0.04662698412698413 0.06746031746031746
