1 0.22123015873015872 0.14682539682539683 0.06349206349206349 0.10052910052910052
1 0.7093253968253969 0.37632275132275134 0.05952380952380952 0.09391534391534391
1 0.7599206349206349 0.28505291005291006 0.061507936507936505 0.07804232804232804
1 0.2906746031746032 0.037037037037037035 0.0496031746031746 0.05555555555555555
1 0.11408730158730158 0.2414021164021164 0.04365079365079365 0.062169312169312166
1 0.6517857142857143 0.35714285714285715 0.017857142857142856 0.04497354497354497
1 0.3844246031746032 0.08994708994708994 0.1001984126984127 0.06349206349206349
1 0.23511904761904762 0.013227513227513227 0.08134920634920635 0.026455026455026454
1 0.38591269841269843 0.032407407407407406 0.0992063492063492 0.062169312169312166
1 0.43898809523809523 0.4060846560846561 0.12003968253968254 0.18253968253968253
