0 0.7876984126984127 0.21957671957671956 0.07936507936507936 0.11904761904761904
0 0.7336309523809523 0.10119047619047619 0.050595238095238096 0.08862433862433862
0 0.5734126984126984 0.5112433862433863 0.07539682539682539 0.13095238095238096
1 0.26438492063492064 0.44312169312169314 0.07837301587301587 0.0873015873015873
1 0.4697420634920635 0.53505291005291 0.03869047619047619 0.05423280423280423
1 0.11210317460317461 0.01455026455026455 0.05952380952380952 0.023809523809523808
1 0.16517857142857142 0.19973544973544974 0.08630952380952381 0.10052910052910052
1 0.8849206349206349 0.26785714285714285 0.03571428571428571 0.041005291005291
1 0.4930555555555556 0.46825396825396826 0.07936507936507936 0.12169312169312169
1 0.720734126984127 0.037698412698412696 0.06448412698412699 0.062169312169312166
1 0.6944444444444444 0.36904761904761907 0.06349206349206349 0.07671957671957672
