0 0.7058531746031746 0.5211640211640212 0.08432539682539683 0.20634920634920634
0 0.33382936507936506 0.16600529100529102 0.11607142857142858 0.10978835978835978
2 0.6111111111111112 0.5304232804232805 0.1111111111111111 0.21693121693121692
1 0.22767857142857142 0.2843915343915344 0.07242063492063493 0.08465608465608465
1 0.439484126984127 0.3273809523809524 0.08531746031746032 0.09391534391534391
1 0.49107142857142855 0.0205026455026455 0.041666666666666664 0.03571428571428571
1 0.19146825396825398 0.4497354497354497 0.05555555555555555 0.07142857142857142
1 0.8903769841269841 0.09656084656084656 0.026785714285714284 0.03968253968253968
1 0.7777777777777778 0.6117724867724867 0.041666666666666664 0.04894179894179894
1 0.48214285714285715 0.47619047619047616 0.06746031746031746 0.12698412698412698
1 0.5267857142857143 0.5092592592592593 0.05952380952380952 0.12698412698412698
1 0.38591269841269843 0.083994708994709 0.0873015873015873 0.08068783068783068
1 0.5972222222222222 0.6150793650793651 0.07142857142857142 0.11904761904761904
