0 0.6726190476190477 0.6468253968253969 0.10515873015873016 0.18783068783068782
0 0.44742063492063494 0.6898148148148148 0.13690476190476192 0.20767195767195767
2 0.014384920634920634 0.5476190476190477 0.028769841269841268 0.12698412698412698
2 0.17906746031746032 0.17261904761904762 0.10813492063492064 0.17857142857142858
2 0.4027777777777778 0.34854497354497355 0.125 0.20502645502645503
1 0.8541666666666666 0.583994708994709 0.07341269841269842 0.10449735449735449
1 0.2767857142857143 0.46494708994708994 0.05555555555555555 0.07539682539682539
1 0.9518849206349206 0.021164021164021163 0.054563492063492064 0.037037037037037035
1 0.7291666666666666 0.3683862433862434 0.02976190476190476 0.05423280423280423
1 0.933531746031746 0.06415343915343916 0.0496031746031746 0.04894179894179894
1 0.691468253968254 0.017857142857142856 0.04563492063492063 0.03571428571428571
1 0.3412698412698413 0.5238095238095238 0.03968253968253968 0.06084656084656084
1 0.5466269841269841 0.6428571428571429 0.06746031746031746 0.11904761904761904
1 0.9627976190476191 0.4054232804232804 0.07242063492063493 0.1865079365079365
1 0.3159722222222222 0.6296296296296297 0.11011904761904762 0.1746031746031746
1 0.4444444444444444 0.5403439153439153 0.10515873015873016 0.17328042328042328
1 0.7748015873015873 0.6084656084656085 0.07142857142857142 0.11375661375661375
