2 0.7504960317460317 0.5515873015873016 0.12400793650793651 0.1693121693121693
2 0.48561507936507936 0.1626984126984127 0.1259920634920635 0.14285714285714285
2 0.5287698412698413 0.026455026455026454 0.02976190476190476 0.05291005291005291
2 0.839781746031746 0.7427248677248677 0.12400793650793651 0.20502645502645503
2 0.5282738095238095 0.3048941798941799 0.12003968253968254 0.1335978835978836
1 0.25049603174603174 0.3915343915343915 0.034722222222222224 0.047619047619047616
1 0.8184523809523809 0.8167989417989417 0.041666666666666664 0.056878306878306875
1 0.12351190476190477 0.056878306878306875 0.05853174603174603 0.06084656084656084
1 0.036210317460317464 0.8690476190476191 0.07242063492063493 0.16137566137566137
1 0.39087301587301587 0.011243386243386243 0.02976190476190476 0.022486772486772486
1 0.9330357142857143 0.8134920634920635 0.06646825396825397 0.12698412698412698
1 0.21924603174603174 0.7738095238095238 0.05952380952380952 0.10846560846560846
