0 0.6755952380952381 0.45965608465608465 0.10714285714285714 0.17857142857142858
0 0.8407738095238095 0.164021164021164 0.16964285714285715 0.1455026455026455
2 0.12103174603174603 0.06547619047619048 0.07936507936507936 0.0701058201058201
1 0.972718253968254 0.6124338624338624 0.05257936507936508 0.12962962962962962
1 0.3993055555555556 0.4914021164021164 0.10416666666666667 0.1626984126984127
1 0.4826388888888889 0.6494708994708994 0.04861111111111111 0.09523809523809523
1 0.5223214285714286 0.15608465608465608 0.03273809523809524 0.05026455026455026
1 0.6081349206349206 0.6924603174603174 0.0496031746031746 0.08333333333333333
1 0.9806547619047619 0.34523809523809523 0.034722222222222224 0.06349206349206349
1 0.2123015873015873 0.07539682539682539 0.06547619047619048 0.06084656084656084
