0 0.42857142857142855 0.44576719576719576 0.07738095238095238 0.1455026455026455
0 0.5535714285714286 0.02447089947089947 0.04563492063492063 0.046296296296296294
0 0.5307539682539683 0.4305555555555556 0.08134920634920635 0.12566137566137567
0 0.6502976190476191 0.023148148148148147 0.040674603174603176 0.046296296296296294
1 0.12946428571428573 0.32341269841269843 0.0248015873015873 0.03042328042328042
1 0.6641865079365079 0.09457671957671958 0.0625 0.062169312169312166
1 0.5625 0.31547619047619047 0.047619047619047616 0.05423280423280423
1 0.6101190476190477 0.02447089947089947 0.05357142857142857 0.04894179894179894
1 0.658234126984127 0.13955026455026456 0.054563492063492064 0.04365079365079365
1 0.5530753968253969 0.023809523809523808 0.04662698412698413 0.04497354497354497
1 0.16071428571428573 0.09854497354497355 0.06944444444444445 0.07539682539682539
