0 0.5545634920634921 0.5720899470899471 0.07539682539682539 0.10978835978835978
2 0.59375 0.4775132275132275 0.10813492063492064 0.21957671957671956
2 0.4632936507936508 0.5734126984126984 0.07539682539682539 0.12301587301587301
1 0.4176587301587302 0.3531746031746032 0.1111111111111111 0.18783068783068782
1 0.12152777777777778 0.1283068783068783 0.060515873015873016 0.07407407407407407
1 0.6478174603174603 0.32936507936507936 0.051587301587301584 0.07407407407407407
1 0.4603174603174603 0.4675925925925926 0.0992063492063492 0.12301587301587301
1 0.2371031746031746 0.21693121693121692 0.027777777777777776 0.03968253968253968
1 0.11061507936507936 0.013888888888888888 0.028769841269841268 0.02513227513227513
1 0.503968253968254 0.5363756613756614 0.04365079365079365 0.08068783068783068
1 0.15327380952380953 0.26455026455026454 0.04662698412698413 0.06878306878306878
1 0.6909722222222222 0.49537037037037035 0.0882936507936508 0.16534391534391535
