0 0.09771825396825397 0.046957671957671955 0.05853174603174603 0.046296296296296294
2 0.008432539682539682 0.6818783068783069 0.016865079365079364 0.12301587301587301
2 0.8869047619047619 0.22552910052910052 0.11706349206349206 0.13095238095238096
2 0.6721230158730159 0.798941798941799 0.1259920634920635 0.22486772486772486
1 0.6651785714285714 0.207010582010582 0.03670634920634921 0.051587301587301584
1 0.8606150793650794 0.5119047619047619 0.034722222222222224 0.047619047619047616
1 0.8794642857142857 0.6646825396825397 0.06845238095238096 0.09391534391534391
1 0.78125 0.7275132275132276 0.07837301587301587 0.15079365079365079
1 0.11408730158730158 0.38492063492063494 0.03571428571428571 0.05291005291005291
1 0.5372023809523809 0.8472222222222222 0.09623015873015874 0.17592592592592593
1 0.7083333333333334 0.6256613756613757 0.037698412698412696 0.05555555555555555
