0 0.5213293650793651 0.4834656084656085 0.1259920634920635 0.17063492063492064
0 0.2693452380952381 0.03968253968253968 0.06845238095238096 0.07936507936507936
1 0.13988095238095238 0.015873015873015872 0.08333333333333333 0.031746031746031744
1 0.4236111111111111 0.5813492063492064 0.07341269841269842 0.09656084656084656
1 0.18154761904761904 0.24933862433862433 0.06547619047619048 0.08068783068783068
1 0.4255952380952381 0.48677248677248675 0.025793650793650792 0.03968253968253968
1 0.3020833333333333 0.18915343915343916 0.040674603174603176 0.06613756613756613
1 0.8571428571428571 0.03571428571428571 0.0496031746031746 0.06084656084656084
1 0.26091269841269843 0.1984126984126984 0.023809523809523808 0.037037037037037035
0 0.6245039682539683 0.03373015873015873 0.03869047619047619 0.04894179894179894
1 0.6825396825396826 0.05489417989417989 0.041666666666666664 0.056878306878306875
