0 0.4915674603174603 0.4933862433862434 0.06646825396825397 0.17195767195767195
2 0.4915674603174603 0.49074074074074076 0.06448412698412699 0.17195767195767195
2 0.8487103174603174 0.35383597883597884 0.12003968253968254 0.16005291005291006
1 0.1909722222222222 0.1832010582010582 0.06646825396825397 0.07804232804232804
1 0.5396825396825397 0.621031746031746 0.05555555555555555 0.08333333333333333
1 0.3923611111111111 0.4074074074074074 0.08234126984126984 0.11904761904761904
1 0.8392857142857143 0.15674603174603174 0.03373015873015873 0.05952380952380952
1 0.5962301587301587 0.36243386243386244 0.031746031746031744 0.0291005291005291
1 0.7247023809523809 0.5628306878306878 0.07837301587301587 0.1388888888888889
1 0.5515873015873016 0.5052910052910053 0.061507936507936505 0.10317460317460317
1 0.3125 0.4252645502645503 0.03968253968253968 0.05423280423280423
