2 0.7063492063492064 0.5079365079365079 0.125 0.20105820105820105
2 0.8923611111111112 0.34656084656084657 0.09623015873015874 0.30158730158730157
2 0.5496031746031746 0.32275132275132273 0.10317460317460317 0.23544973544973544
1 0.970734126984127 0.10978835978835978 0.05257936507936508 0.09788359788359788
1 0.028769841269841268 0.10714285714285714 0.05357142857142857 0.07671957671957672
1 0.08779761904761904 0.16997354497354497 0.07043650793650794 0.10185185185185185
1 0.16865079365079366 0.4060846560846561 0.12103174603174603 0.1931216931216931
1 0.7638888888888888 0.2705026455026455 0.08531746031746032 0.0992063492063492
1 0.6478174603174603 0.33201058201058203 0.10714285714285714 0.18518518518518517
1 0.8234126984126984 0.3994708994708995 0.10317460317460317 0.20105820105820105
1 0.8258928571428571 0.5390211640211641 0.1001984126984127 0.1283068783068783
