0 0.5491071428571429 0.38293650793650796 0.1259920634920635 0.19973544973544974
0 0.7827380952380952 0.30886243386243384 0.1111111111111111 0.16005291005291006
1 0.9717261904761905 0.17261904761904762 0.05654761904761905 0.07539682539682539
1 0.9087301587301587 0.17857142857142858 0.03571428571428571 0.042328042328042326
1 0.685515873015873 0.40674603174603174 0.03968253968253968 0.05423280423280423
1 0.8670634920634921 0.26521164021164023 0.04563492063492063 0.06481481481481481
1 0.7896825396825397 0.05092592592592592 0.06746031746031746 0.07804232804232804
1 0.6686507936507936 0.44841269841269843 0.027777777777777776 0.031746031746031744
1 0.8541666666666666 0.07208994708994709 0.07539682539682539 0.06481481481481481
1 0.435515873015873 0.3941798941798942 0.09325396825396826 0.16137566137566137
