0 0.41021825396825395 0.414021164021164 0.09821428571428571 0.18518518518518517
2 0.2728174603174603 0.041666666666666664 0.07936507936507936 0.0701058201058201
1 0.13045634920634921 0.037037037037037035 0.06646825396825397 0.047619047619047616
1 0.3635912698412698 0.31746031746031744 0.044642857142857144 0.0582010582010582
1 0.6865079365079365 0.11375661375661375 0.03571428571428571 0.05026455026455026
1 0.8060515873015873 0.20899470899470898 0.022817460317460316 0.0291005291005291
1 0.9811507936507936 0.06547619047619048 0.03373015873015873 0.051587301587301584
1 0.6547619047619048 0.5205026455026455 0.09523809523809523 0.16534391534391535
1 0.9236111111111112 0.2275132275132275 0.08531746031746032 0.07407407407407407
0 0.009424603174603174 0.207010582010582 0.018849206349206348 0.07804232804232804
