0 0.31547619047619047 0.5542328042328042 0.08531746031746032 0.16137566137566137
0 0.39087301587301587 0.5674603174603174 0.06547619047619048 0.13756613756613756
2 0.8139880952380952 0.5363756613756614 0.08630952380952381 0.1335978835978836
1 0.4623015873015873 0.27976190476190477 0.023809523809523808 0.03835978835978836
1 0.6865079365079365 0.6369047619047619 0.05555555555555555 0.0701058201058201
1 0.39186507936507936 0.460978835978836 0.047619047619047616 0.04365079365079365
1 0.625 0.3855820105820106 0.025793650793650792 0.04365079365079365
1 0.7713293650793651 0.6164021164021164 0.07043650793650794 0.10846560846560846
1 0.6825396825396826 0.541005291005291 0.06349206349206349 0.14814814814814814
1 0.9568452380952381 0.09325396825396826 0.054563492063492064 0.04894179894179894
