1 0.09623015873015874 0.4365079365079365 0.05555555555555555 0.09259259259259259
1 0.1691468253968254 0.45105820105820105 0.04662698412698413 0.0873015873015873
2 0.25892857142857145 0.4193121693121693 0.11507936507936507 0.18783068783068782
2 0.2286706349206349 0.5515873015873016 0.06845238095238096 0.0873015873015873
2 0.3253968253968254 0.5608465608465608 0.08928571428571429 0.12962962962962962
1 0.35813492063492064 0.4675925925925926 0.0496031746031746 0.07539682539682539
2 0.43005952380952384 0.4722222222222222 0.09623015873015874 0.1349206349206349
1 0.4072420634920635 0.621031746031746 0.04265873015873016 0.051587301587301584
1 0.5515873015873016 0.5085978835978836 0.09722222222222222 0.12301587301587301
1 0.5550595238095238 0.5740740740740741 0.050595238095238096 0.0873015873015873
1 0.5887896825396826 0.41534391534391535 0.034722222222222224 0.037037037037037035
1 0.6398809523809523 0.4087301587301587 0.047619047619047616 0.06349206349206349
1 0.6999007936507936 0.43253968253968256 0.04265873015873016 0.06084656084656084
1 0.8025793650793651 0.2526455026455027 0.05357142857142857 0.07671957671957672
