0 0.7619047619047619 0.021164021164021163 0.07142857142857142 0.042328042328042326
2 0.7341269841269841 0.2671957671957672 0.12698412698412698 0.1693121693121693
1 0.9791666666666666 0.08465608465608465 0.03968253968253968 0.11375661375661375
1 0.6111111111111112 0.20833333333333334 0.03373015873015873 0.04365079365079365
1 0.8467261904761905 0.4556878306878307 0.05654761904761905 0.07275132275132275
1 0.8382936507936508 0.2830687830687831 0.041666666666666664 0.06084656084656084
1 0.044642857142857144 0.2976190476190476 0.03968253968253968 0.05555555555555555
1 0.15674603174603174 0.5191798941798942 0.02976190476190476 0.06746031746031746
1 0.3993055555555556 0.40476190476190477 0.030753968253968252 0.04497354497354497
1 0.8874007936507936 0.13558201058201058 0.05654761904761905 0.10449735449735449
1 0.8685515873015873 0.04894179894179894 0.0625 0.06084656084656084
1 0.376984126984127 0.30886243386243384 0.057539682539682536 0.11507936507936507
1 0.5213293650793651 0.4537037037037037 0.10218253968253968 0.18518518518518517
1 0.040674603174603176 0.6223544973544973 0.03571428571428571 0.03571428571428571
