0 0.20188492063492064 0.5132275132275133 0.11805555555555555 0.2037037037037037
0 0.6006944444444444 0.3558201058201058 0.12996031746031747 0.20105820105820105
2 0.5213293650793651 0.5191798941798942 0.09226190476190477 0.12037037037037036
1 0.7028769841269841 0.164021164021164 0.060515873015873016 0.07407407407407407
1 0.3472222222222222 0.6448412698412699 0.08928571428571429 0.18121693121693122
1 0.5714285714285714 0.4146825396825397 0.061507936507936505 0.07275132275132275
1 0.4270833333333333 0.541005291005291 0.09821428571428571 0.15343915343915343
1 0.4181547619047619 0.2585978835978836 0.03273809523809524 0.051587301587301584
1 0.6904761904761905 0.31613756613756616 0.12896825396825398 0.09788359788359788
1 0.7495039682539683 0.04828042328042328 0.026785714285714284 0.03042328042328042
1 0.2152777777777778 0.09656084656084656 0.047619047619047616 0.0582010582010582
1 0.47470238095238093 0.4173280423280423 0.050595238095238096 0.0701058201058201
1 0.6378968253968254 0.11243386243386243 0.027777777777777776 0.03968253968253968
