1 0.09523809523809523 0.2837301587301587 0.11904761904761904 0.11507936507936507
0 0.10119047619047619 0.051587301587301584 0.07738095238095238 0.05291005291005291
2 0.2673611111111111 0.38293650793650796 0.20535714285714285 0.15211640211640212
2 0.3159722222222222 0.5701058201058201 0.12400793650793651 0.21957671957671956
2 0.42063492063492064 0.5443121693121693 0.06944444444444445 0.13095238095238096
2 0.5287698412698413 0.5582010582010583 0.10317460317460317 0.16666666666666666
1 0.4662698412698413 0.5079365079365079 0.03571428571428571 0.10582010582010581
1 0.53125 0.3776455026455027 0.12797619047619047 0.1388888888888889
1 0.7048611111111112 0.34656084656084657 0.05257936507936508 0.06084656084656084
1 0.783234126984127 0.2605820105820106 0.04662698412698413 0.05026455026455026
1 0.9523809523809523 0.8544973544973545 0.09325396825396826 0.2275132275132275
1 0.5133928571428571 0.07671957671957672 0.03670634920634921 0.047619047619047616
