0 0.30158730158730157 0.3816137566137566 0.027777777777777776 0.05423280423280423
2 0.43353174603174605 0.5317460317460317 0.1130952380952381 0.17724867724867724
2 0.8412698412698413 0.2361111111111111 0.1746031746031746 0.17857142857142858
1 0.24801587301587302 0.40674603174603174 0.06746031746031746 0.08862433862433862
1 0.5466269841269841 0.5152116402116402 0.10317460317460317 0.17063492063492064
1 0.6810515873015873 0.3458994708994709 0.10615079365079365 0.15476190476190477
1 0.373015873015873 0.39351851851851855 0.08928571428571429 0.10978835978835978
1 0.314484126984127 0.5185185185185185 0.08134920634920635 0.12169312169312169
2 0.24801587301587302 0.31547619047619047 0.0873015873015873 0.062169312169312166
2 0.2058531746031746 0.4470899470899471 0.03670634920634921 0.06349206349206349
