0 0.7743055555555556 0.6871693121693122 0.08432539682539683 0.1917989417989418
2 0.22073412698412698 0.2777777777777778 0.11408730158730158 0.12698412698412698
2 0.4226190476190476 0.25 0.0992063492063492 0.09259259259259259
1 0.9156746031746031 0.4298941798941799 0.06944444444444445 0.10846560846560846
1 0.044642857142857144 0.455026455026455 0.07738095238095238 0.10846560846560846
1 0.6701388888888888 0.4523809523809524 0.030753968253968252 0.04497354497354497
1 0.6205357142857143 0.09523809523809523 0.03670634920634921 0.05555555555555555
1 0.7281746031746031 0.6031746031746031 0.05952380952380952 0.12698412698412698
1 0.10168650793650794 0.018518518518518517 0.050595238095238096 0.031746031746031744
1 0.8576388888888888 0.6818783068783069 0.08630952380952381 0.14153439153439154
1 0.28621031746031744 0.3723544973544973 0.08035714285714286 0.12301587301587301
1 0.6592261904761905 0.6798941798941799 0.12202380952380952 0.24074074074074073
