0 0.5674603174603174 0.36574074074074076 0.07341269841269842 0.11772486772486772
0 0.4771825396825397 0.3406084656084656 0.10515873015873016 0.15476190476190477
2 0.4771825396825397 0.33994708994708994 0.10317460317460317 0.15343915343915343
1 0.6215277777777778 0.6534391534391535 0.03273809523809524 0.05555555555555555
1 0.7673611111111112 0.10185185185185185 0.0744047619047619 0.07671957671957672
1 0.6026785714285714 0.5416666666666666 0.040674603174603176 0.062169312169312166
1 0.8313492063492064 0.15145502645502645 0.051587301587301584 0.056878306878306875
1 0.6507936507936508 0.01917989417989418 0.027777777777777776 0.027777777777777776
1 0.8878968253968254 0.015873015873015872 0.03571428571428571 0.0291005291005291
1 0.3288690476190476 0.5416666666666666 0.06845238095238096 0.10714285714285714
1 0.4052579365079365 0.44246031746031744 0.09226190476190477 0.13624338624338625
0 0.1984126984126984 0.01521164021164021 0.047619047619047616 0.03042328042328042
