0 0.6845238095238095 0.4722222222222222 0.07142857142857142 0.10317460317460317
0 0.8040674603174603 0.5357142857142857 0.054563492063492064 0.082010582010582
0 0.7366071428571429 0.5244708994708994 0.06845238095238096 0.09391534391534391
2 0.683531746031746 0.47156084656084657 0.06944444444444445 0.10185185185185185
1 0.030257936507936508 0.6130952380952381 0.03670634920634921 0.041005291005291
1 0.7619047619047619 0.4808201058201058 0.041666666666666664 0.05423280423280423
1 0.5848214285714286 0.3776455026455027 0.05853174603174603 0.05423280423280423
1 0.039186507936507936 0.31283068783068785 0.03670634920634921 0.046296296296296294
1 0.09176587301587301 0.6613756613756614 0.09623015873015874 0.08465608465608465
1 0.6071428571428571 0.4312169312169312 0.051587301587301584 0.03439153439153439
1 0.8913690476190477 0.5482804232804233 0.03273809523809524 0.03306878306878307
1 0.6140873015873016 0.4728835978835979 0.05952380952380952 0.0701058201058201
