0 0.6944444444444444 0.3683862433862434 0.09126984126984126 0.19973544973544974
0 0.5208333333333334 0.31812169312169314 0.07738095238095238 0.10978835978835978
0 0.34970238095238093 0.42923280423280424 0.1259920634920635 0.17857142857142858
2 0.40029761904761907 0.5231481481481481 0.09821428571428571 0.1335978835978836
2 0.5848214285714286 0.4861111111111111 0.11805555555555555 0.15211640211640212
1 0.5153769841269841 0.2156084656084656 0.0744047619047619 0.10582010582010581
1 0.4593253968253968 0.4107142857142857 0.07341269841269842 0.14417989417989419
1 0.6200396825396826 0.34325396825396826 0.031746031746031744 0.05423280423280423
1 0.7842261904761905 0.29563492063492064 0.08432539682539683 0.13624338624338625
1 0.2876984126984127 0.3776455026455027 0.031746031746031744 0.08333333333333333
1 0.5515873015873016 0.4351851851851852 0.10317460317460317 0.15079365079365079
1 0.5198412698412699 0.3194444444444444 0.07738095238095238 0.10449735449735449
1 0.43154761904761907 0.3115079365079365 0.04563492063492063 0.08597883597883597
