0 0.21653163580246915 0.8816550925925926 0.050347222222222224 0.125 0.19849537037037038 0.8234953703703703 0.22183641975308643 0.9160879629629629 0.19598765432098766 0.8428819444444444 0.22415123456790123 0.9065393518518519 0.23128858024691357 0.9215856481481481 0.24016203703703703 0.9299768518518519
0 0.31182484567901236 0.8997395833333334 0.060378086419753084 0.14380787037037038 0.33969907407407407 0.8318865740740741 0.30844907407407407 0.8831018518518519 0.3254243827160494 0.9117476851851852 0.2908950617283951 0.9198495370370371 0.2908950617283951 0.9340277777777778 0.2970679012345679 0.9615162037037037
0 0.3002507716049383 0.8152488425925926 0.029128086419753087 0.1154513888888889 0.3097993827160494 0.7601273148148148 0.30439814814814814 0.8275462962962963 0.29282407407407407 0.8657407407407407 0.30767746913580246 0.8530092592592593 0.30767746913580246 0.8614004629629629 0.30613425925925924 0.8700810185185185
0 0.3323688271604938 0.7751736111111112 0.07330246913580248 0.19328703703703703 -0.00019290123456790122 -0.00028935185185185184 -0.00019290123456790122 -0.00028935185185185184 -0.00019290123456790122 -0.00028935185185185184 -0.00019290123456790122 -0.00028935185185185184 -0.00019290123456790122 -0.00028935185185185184 -0.00019290123456790122 -0.00028935185185185184
0 0.4791666666666667 0.7479745370370371 0.18595679012345678 0.33564814814814814 0.3917824074074074 0.6753472222222222 0.45871913580246915 0.8072916666666666 0.5638503086419753 0.6085069444444444 0.4876543209876543 0.8078703703703703 0.48842592592592593 0.8356481481481481 0.5086805555555556 0.9068287037037037
0 0.43036265432098764 0.38599537037037035 0.17592592592592593 0.6336805555555556 0.5108024691358025 0.1339699074074074 0.4176311728395062 0.4131944444444444 0.3699845679012346 0.08246527777777778 0.388695987654321 0.45023148148148145 0.38927469135802467 0.49594907407407407 0.3744212962962963 0.6961805555555556
0 0.5036651234567902 0.3185763888888889 0.12422839506172839 0.2864583333333333 0.5615354938271605 0.18171296296296297 0.5455246913580247 0.36342592592592593 0.44502314814814814 0.34780092592592593 0.5221836419753086 0.41724537037037035 0.5308641975308642 0.44241898148148145 0.5339506172839507 0.45515046296296297
0 0.5895061728395061 0.8642939814814815 0.09375 0.2517361111111111 0.6005015432098766 0.7526041666666666 0.5530478395061729 0.8836805555555556 0.6315586419753086 0.8255208333333334 0.5545910493827161 0.9178240740740741 0.5549768518518519 0.9403935185185185 0.5592206790123457 0.9814814814814815
0 0.6405285493827161 0.92578125 0.023726851851851853 0.1484375 -0.00019290123456790122 -0.00028935185185185184 -0.00019290123456790122 -0.00028935185185185184 -0.00019290123456790122 -0.00028935185185185184 -0.00019290123456790122 -0.00028935185185185184 -0.00019290123456790122 -0.00028935185185185184 -0.00019290123456790122 -0.00028935185185185184
0 0.7432484567901234 0.9197048611111112 0.046296296296296294 0.1605902777777778 0.7613811728395061 0.84375 0.7488425925925926 0.9618055555555556 0.7239583333333334 0.9693287037037037 0.7472993827160493 0.9817708333333334 0.7451774691358025 0.9904513888888888 0.7409336419753086 0.9988425925925926
0 0.7119984567901234 0.7097800925925926 0.05285493827160494 0.1267361111111111 -0.00019290123456790122 -0.00028935185185185184 -0.00019290123456790122 -0.00028935185185185184 -0.00019290123456790122 -0.00028935185185185184 -0.00019290123456790122 -0.00028935185185185184 -0.00019290123456790122 -0.00028935185185185184 -0.00019290123456790122 -0.00028935185185185184
0 0.7746913580246914 0.6105324074074074 0.06828703703703703 0.24131944444444445 -0.00019290123456790122 -0.00028935185185185184 -0.00019290123456790122 -0.00028935185185185184 -0.00019290123456790122 -0.00028935185185185184 -0.00019290123456790122 -0.00028935185185185184 -0.00019290123456790122 -0.00028935185185185184 -0.00019290123456790122 -0.00028935185185185184
0 0.8202160493827161 0.6516203703703703 0.04359567901234568 0.10011574074074074 -0.00019290123456790122 -0.00028935185185185184 -0.00019290123456790122 -0.00028935185185185184 -0.00019290123456790122 -0.00028935185185185184 -0.00019290123456790122 -0.00028935185185185184 -0.00019290123456790122 -0.00028935185185185184 -0.00019290123456790122 -0.00028935185185185184
0 0.9494598765432098 0.5917245370370371 0.10108024691358025 0.2025462962962963 -0.00019290123456790122 -0.00028935185185185184 -0.00019290123456790122 -0.00028935185185185184 -0.00019290123456790122 -0.00028935185185185184 -0.00019290123456790122 -0.00028935185185185184 -0.00019290123456790122 -0.00028935185185185184 -0.00019290123456790122 -0.00028935185185185184
0 0.900366512345679 0.4749710648148148 0.1097608024691358 0.41001157407407407 0.9527391975308642 0.28096064814814814 0.8890817901234568 0.48726851851851855 0.8813657407407407 0.5743634259259259 0.8672839506172839 0.5720486111111112 0.8715277777777778 0.5946180555555556 0.8533950617283951 0.6721643518518519
