0 0.1463155864197531 0.11140046296296297 0.07195216049382716 0.11284722222222222 0.17824074074074073 0.06105324074074074 0.16030092592592593 0.13975694444444445 0.11188271604938271 0.1623263888888889 0.1541280864197531 0.14525462962962962 0.1556712962962963 0.15162037037037038 0.15123456790123457 0.1579861111111111
0 0.12991898148148148 0.04658564814814815 0.028742283950617283 0.0931712962962963 -0.00019290123456790122 -0.00028935185185185184 -0.00019290123456790122 -0.00028935185185185184 -0.00019290123456790122 -0.00028935185185185184 -0.00019290123456790122 -0.00028935185185185184 -0.00019290123456790122 -0.00028935185185185184 -0.00019290123456790122 -0.00028935185185185184
0 0.03298611111111111 0.5753761574074074 0.02662037037037037 0.04716435185185185 -0.00019290123456790122 -0.00028935185185185184 -0.00019290123456790122 -0.00028935185185185184 -0.00019290123456790122 -0.00028935185185185184 -0.00019290123456790122 -0.00028935185185185184 -0.00019290123456790122 -0.00028935185185185184 -0.00019290123456790122 -0.00028935185185185184
0 0.04311342592592592 0.6122685185185185 0.04918981481481482 0.07928240740740741 -0.00019290123456790122 -0.00028935185185185184 -0.00019290123456790122 -0.00028935185185185184 -0.00019290123456790122 -0.00028935185185185184 -0.00019290123456790122 -0.00028935185185185184 -0.00019290123456790122 -0.00028935185185185184 -0.00019290123456790122 -0.00028935185185185184
0 0.7458526234567902 0.9719328703703703 0.030285493827160493 0.05439814814814815 -0.00019290123456790122 -0.00028935185185185184 -0.00019290123456790122 -0.00028935185185185184 -0.00019290123456790122 -0.00028935185185185184 -0.00019290123456790122 -0.00028935185185185184 -0.00019290123456790122 -0.00028935185185185184 -0.00019290123456790122 -0.00028935185185185184
0 0.49363425925925924 0.6643518518518519 0.03896604938271605 0.04282407407407408 0.4774305555555556 0.6481481481481481 0.4982638888888889 0.6724537037037037 0.5106095679012346 0.6675347222222222 0.5021219135802469 0.6712962962962963 0.5055941358024691 0.6782407407407407 0.5090663580246914 0.6811342592592593
0 0.6002121913580247 0.6359953703703703 0.05343364197530864 0.16898148148148148 0.5983796296296297 0.5844907407407407 0.5958719135802469 0.6846064814814815 0.6209490740740741 0.5546875 0.5939429012345679 0.6822916666666666 0.5908564814814815 0.6909722222222222 0.5769675925925926 0.7173032407407407
0 0.9080825617283951 0.5774016203703703 0.05073302469135803 0.11603009259259259 0.9309413580246914 0.5228587962962963 0.9126157407407407 0.5905671296296297 0.8989197530864198 0.6151620370370371 0.90625 0.5995370370370371 0.9141589506172839 0.6157407407407407 0.9228395061728395 0.6290509259259259
0 0.39226466049382713 0.5758101851851852 0.0314429012345679 0.0943287037037037 0.3948688271604938 0.5335648148148148 0.37962962962962965 0.5833333333333334 0.4060570987654321 0.6102430555555556 0.392554012345679 0.6079282407407407 0.3881172839506173 0.6166087962962963 0.390625 0.6209490740740741
0 0.3509837962962963 0.5092592592592593 0.13020833333333334 0.16956018518518517 0.28780864197530864 0.4285300925925926 0.33487654320987653 0.5054976851851852 0.41358024691358025 0.45283564814814814 0.35320216049382713 0.5344328703703703 0.35300925925925924 0.5471643518518519 0.36246141975308643 0.5925925925925926
0 0.9666280864197531 0.2725694444444444 0.06635802469135803 0.1284722222222222 0.9880401234567902 0.23987268518518517 0.9504243827160493 0.31278935185185186 0.9963348765432098 0.2204861111111111 0.9479166666666666 0.3203125 0.9434799382716049 0.3237847222222222 0.9375 0.33275462962962965
