0 0.21846064814814814 0.2466724537037037 0.050347222222222224 0.15306712962962962 0.21199845679012347 0.17881944444444445 0.22820216049382716 0.2942708333333333 0.19868827160493827 0.17650462962962962 0.22820216049382716 0.2855902777777778 0.23206018518518517 0.2994791666666667 0.24170524691358025 0.3211805555555556
0 0.28896604938271603 0.0703125 0.04282407407407408 0.140625 0.27044753086419754 0.0026041666666666665 0.2916666666666667 0.05960648148148148 0.2899305555555556 0.0008680555555555555 0.29205246913580246 0.04456018518518518 0.2966820987654321 0.06770833333333333 0.30709876543209874 0.1362847222222222
0 0.3229166666666667 0.47974537037037035 0.07098765432098765 0.19039351851851852 0.29822530864197533 0.42332175925925924 0.32407407407407407 0.5147569444444444 0.30169753086419754 0.38773148148148145 0.3287037037037037 0.5095486111111112 0.33661265432098764 0.5225694444444444 0.3551311728395062 0.5720486111111112
0 0.48582175925925924 0.4839409722222222 0.08429783950617284 0.25376157407407407 0.5040509259259259 0.3695023148148148 0.5227623456790124 0.4609375 0.44926697530864196 0.3741319444444444 0.5129243827160493 0.47193287037037035 0.5202546296296297 0.4921875 0.5055941358024691 0.6047453703703703
0 0.41618441358024694 0.34085648148148145 0.12017746913580248 0.16030092592592593 0.38425925925925924 0.2913773148148148 0.44772376543209874 0.3654513888888889 0.3601466049382716 0.2673611111111111 0.44386574074074076 0.37297453703703703 0.4525462962962963 0.38483796296296297 0.4729938271604938 0.41377314814814814
0 0.4634452160493827 0.2845775462962963 0.03915895061728395 0.11140046296296297 -0.00019290123456790122 -0.00028935185185185184 -0.00019290123456790122 -0.00028935185185185184 -0.00019290123456790122 -0.00028935185185185184 -0.00019290123456790122 -0.00028935185185185184 -0.00019290123456790122 -0.00028935185185185184 -0.00019290123456790122 -0.00028935185185185184
0 0.5085841049382716 0.3046875 0.048804012345679014 0.14467592592592593 0.4870756172839506 0.25925925925925924 0.5258487654320988 0.34346064814814814 0.48746141975308643 0.23697916666666666 0.5198688271604939 0.3449074074074074 0.5248842592592593 0.35792824074074076 0.5318287037037037 0.3741319444444444
0 0.8614969135802469 0.7181712962962963 0.0466820987654321 0.05497685185185185 0.8734567901234568 0.7048611111111112 0.8516589506172839 0.7418981481481481 0.8790509259259259 0.6964699074074074 0.8514660493827161 0.7352430555555556 0.8451003086419753 0.7390046296296297 0.8414351851851852 0.7355324074074074
0 0.8807870370370371 0.6236979166666666 0.03896604938271605 0.051215277777777776 0.8844521604938271 0.6021412037037037 0.8707561728395061 0.6307870370370371 0.8962191358024691 0.6168981481481481 0.873070987654321 0.6339699074074074 0.8688271604938271 0.6394675925925926 0.8645833333333334 0.6452546296296297
0 0.3058449074074074 0.3308738425925926 0.016010802469135804 0.11429398148148148 -0.00019290123456790122 -0.00028935185185185184 -0.00019290123456790122 -0.00028935185185185184 -0.00019290123456790122 -0.00028935185185185184 -0.00019290123456790122 -0.00028935185185185184 -0.00019290123456790122 -0.00028935185185185184 -0.00019290123456790122 -0.00028935185185185184
