0 0.33584104938271603 0.6267361111111112 0.23842592592592593 0.5075231481481481 0.2208719135802469 0.5451388888888888 0.27179783950617287 0.7650462962962963 0.4525462962962963 0.38136574074074076 0.2991898148148148 0.7688078703703703 0.3072916666666667 0.8061342592592593 0.3861882716049383 0.8657407407407407
0 0.6063850308641975 0.6108217592592593 0.08275462962962964 0.42939814814814814 -0.00019290123456790122 -0.00028935185185185184 -0.00019290123456790122 -0.00028935185185185184 -0.00019290123456790122 -0.00028935185185185184 -0.00019290123456790122 -0.00028935185185185184 -0.00019290123456790122 -0.00028935185185185184 -0.00019290123456790122 -0.00028935185185185184
0 0.6008873456790124 0.43156828703703703 0.1431327160493827 0.28501157407407407 0.6701388888888888 0.29224537037037035 0.5846836419753086 0.46296296296296297 0.6529706790123457 0.5243055555555556 0.5625 0.5159143518518519 0.5511188271604939 0.5358796296296297 0.5345293209876543 0.5685763888888888
0 0.5926890432098766 0.35127314814814814 0.03993055555555555 0.10532407407407407 -0.00019290123456790122 -0.00028935185185185184 -0.00019290123456790122 -0.00028935185185185184 -0.00019290123456790122 -0.00028935185185185184 -0.00019290123456790122 -0.00028935185185185184 -0.00019290123456790122 -0.00028935185185185184 -0.00019290123456790122 -0.00028935185185185184
0 0.6332947530864198 0.4486400462962963 0.012345679012345678 0.06452546296296297 -0.00019290123456790122 -0.00028935185185185184 -0.00019290123456790122 -0.00028935185185185184 -0.00019290123456790122 -0.00028935185185185184 -0.00019290123456790122 -0.00028935185185185184 -0.00019290123456790122 -0.00028935185185185184 -0.00019290123456790122 -0.00028935185185185184
0 0.8768325617283951 0.7414641203703703 0.034915123456790126 0.06278935185185185 -0.00019290123456790122 -0.00028935185185185184 -0.00019290123456790122 -0.00028935185185185184 -0.00019290123456790122 -0.00028935185185185184 -0.00019290123456790122 -0.00028935185185185184 -0.00019290123456790122 -0.00028935185185185184 -0.00019290123456790122 -0.00028935185185185184
0 0.9331597222222222 0.7964409722222222 0.04147376543209876 0.16869212962962962 0.9357638888888888 0.7158564814814815 0.9326774691358025 0.7462384259259259 0.9288194444444444 0.7578125 0.9309413580246914 0.8122106481481481 0.9301697530864198 0.8321759259259259 0.9309413580246914 0.8744212962962963
0 0.9510030864197531 0.41594328703703703 0.03780864197530864 0.1472800925925926 0.9673996913580247 0.3460648148148148 0.9434799382716049 0.4464699074074074 0.9635416666666666 0.39988425925925924 0.9477237654320988 0.4615162037037037 0.9450231481481481 0.4739583333333333 0.9417438271604939 0.4852430555555556
0 0.9722222222222222 0.46860532407407407 0.03819444444444445 0.0853587962962963 0.9810956790123457 0.4314236111111111 0.9841820987654321 0.4464699074074074 0.9830246913580247 0.45283564814814814 0.9701003086419753 0.48755787037037035 0.9662422839506173 0.49421296296296297 0.9592978395061729 0.5037615740740741
0 0.3929398148148148 0.09751157407407407 0.03202160493827161 0.1886574074074074 0.40489969135802467 0.005208333333333333 0.40162037037037035 0.13194444444444445 0.38310185185185186 0.10648148148148148 0.39448302469135804 0.15248842592592593 0.39602623456790126 0.16203703703703703 0.39911265432098764 0.1869212962962963
