0 0.37094907407407407 0.4050925925925926 0.22762345679012347 0.4965277777777778 0.2633101851851852 0.1629050925925926 0.3697916666666667 0.45167824074074076 0.48051697530864196 0.16435185185185186 0.4050925925925926 0.48582175925925924 0.40239197530864196 0.5315393518518519 0.4263117283950617 0.6455439814814815
0 0.07146990740740741 0.8036747685185185 0.09008487654320987 0.14554398148148148 -0.00019290123456790122 -0.00028935185185185184 -0.00019290123456790122 -0.00028935185185185184 -0.00019290123456790122 -0.00028935185185185184 -0.00019290123456790122 -0.00028935185185185184 -0.00019290123456790122 -0.00028935185185185184 -0.00019290123456790122 -0.00028935185185185184
0 0.4876543209876543 0.7805266203703703 0.1566358024691358 0.31221064814814814 
0 0.8490547839506173 0.4522569444444444 0.15258487654320987 0.27835648148148145 0.8796296296296297 0.31828703703703703 0.8939043209876543 0.49681712962962965 0.7779706790123457 0.42766203703703703 0.8823302469135802 0.5370370370370371 0.8939043209876543 0.5460069444444444 0.9201388888888888 0.5873842592592593
0 0.9713541666666666 0.4117476851851852 0.057291666666666664 0.3449074074074074 0.9448302469135802 0.2439236111111111 0.9745370370370371 0.45601851851851855 0.9988425925925926 0.4146412037037037 0.9866898148148148 0.46383101851851855 0.9880401234567902 0.48582175925925924 0.9849537037037037 0.5810185185185185
0 0.5237268518518519 0.17259837962962962 0.11766975308641975 0.34519675925925924 0.46739969135802467 0.0028935185185185184 0.49459876543209874 0.1646412037037037 0.5688657407407407 0.0011574074074074073 0.513695987654321 0.17708333333333334 0.5119598765432098 0.2092013888888889 0.5260416666666666 0.3368055555555556
0 0.5126350308641975 0.52734375 0.17380401234567902 0.48755787037037035 0.595679012345679 0.2902199074074074 0.5707947530864198 0.5865162037037037 0.44405864197530864 0.44212962962962965 0.5397376543209876 0.6226851851851852 0.5515046296296297 0.6692708333333334 0.5607638888888888 0.7514467592592593
0 0.9284336419753086 0.1378761574074074 0.10725308641975309 0.23119212962962962 -0.00019290123456790122 -0.00028935185185185184 -0.00019290123456790122 -0.00028935185185185184 -0.00019290123456790122 -0.00028935185185185184 -0.00019290123456790122 -0.00028935185185185184 -0.00019290123456790122 -0.00028935185185185184 -0.00019290123456790122 -0.00028935185185185184
0 0.8211805555555556 0.7973090277777778 0.05555555555555555 0.1779513888888889 -0.00019290123456790122 -0.00028935185185185184 -0.00019290123456790122 -0.00028935185185185184 -0.00019290123456790122 -0.00028935185185185184 -0.00019290123456790122 -0.00028935185185185184 -0.00019290123456790122 -0.00028935185185185184 -0.00019290123456790122 -0.00028935185185185184
0 0.8614004629629629 0.8168402777777778 0.03452932098765432 0.2025462962962963 0.8553240740740741 0.7268518518518519 0.8510802469135802 0.8318865740740741 0.8688271604938271 0.7609953703703703 0.8582175925925926 0.8504050925925926 0.8564814814814815 0.8654513888888888 0.8474151234567902 0.9123263888888888
0 0.21942515432098766 0.23567708333333334 0.043402777777777776 0.1779513888888889 0.22723765432098766 0.21643518518518517 0.22781635802469136 0.29282407407407407 0.2033179012345679 0.1545138888888889 0.22492283950617284 0.29195601851851855 0.22723765432098766 0.3029513888888889 0.22993827160493827 0.31568287037037035
