0 0.6351273148148148 0.6886574074074074 0.38290895061728397 0.21354166666666666 0.5337577160493827 0.6168981481481481 0.5021219135802469 0.6929976851851852 0.8219521604938271 0.6331018518518519 0.5150462962962963 0.7013888888888888 0.4913194444444444 0.7225115740740741 0.44830246913580246 0.7899305555555556
0 0.05304783950617284 0.6333912037037037 0.08796296296296297 0.7332175925925926 0.060378086419753084 0.7497106481481481 0.042631172839506175 0.8402777777777778 0.09104938271604938 0.2824074074074074 0.03298611111111111 0.8188657407407407 0.029128086419753087 0.8738425925925926 0.03298611111111111 0.9887152777777778
0 0.4728973765432099 0.4972511574074074 0.361304012345679 0.4898726851851852 0.3883101851851852 0.5419560185185185 0.3597608024691358 0.6061921296296297 0.6498842592592593 0.26533564814814814 0.3759645061728395 0.5914351851851852 0.35300925925925924 0.6331018518518519 0.30092592592592593 0.7291666666666666
0 0.6507523148148148 0.24450231481481483 0.017554012345679014 0.05555555555555555 -0.00019290123456790122 -0.00028935185185185184 -0.00019290123456790122 -0.00028935185185185184 -0.00019290123456790122 -0.00028935185185185184 -0.00019290123456790122 -0.00028935185185185184 -0.00019290123456790122 -0.00028935185185185184 -0.00019290123456790122 -0.00028935185185185184
0 0.7595486111111112 0.2136863425925926 0.052662037037037035 0.06278935185185185 -0.00019290123456790122 -0.00028935185185185184 -0.00019290123456790122 -0.00028935185185185184 -0.00019290123456790122 -0.00028935185185185184 -0.00019290123456790122 -0.00028935185185185184 -0.00019290123456790122 -0.00028935185185185184 -0.00019290123456790122 -0.00028935185185185184
0 0.6225887345679012 0.1138599537037037 0.03414351851851852 0.15653935185185186 -0.00019290123456790122 -0.00028935185185185184 -0.00019290123456790122 -0.00028935185185185184 -0.00019290123456790122 -0.00028935185185185184 -0.00019290123456790122 -0.00028935185185185184 -0.00019290123456790122 -0.00028935185185185184 -0.00019290123456790122 -0.00028935185185185184
0 0.5649112654320988 0.1762152777777778 0.08198302469135803 0.1412037037037037 -0.00019290123456790122 -0.00028935185185185184 -0.00019290123456790122 -0.00028935185185185184 -0.00019290123456790122 -0.00028935185185185184 -0.00019290123456790122 -0.00028935185185185184 -0.00019290123456790122 -0.00028935185185185184 -0.00019290123456790122 -0.00028935185185185184
0 0.5548804012345679 0.06394675925925926 0.04031635802469136 0.11805555555555555 -0.00019290123456790122 -0.00028935185185185184 -0.00019290123456790122 -0.00028935185185185184 -0.00019290123456790122 -0.00028935185185185184 -0.00019290123456790122 -0.00028935185185185184 -0.00019290123456790122 -0.00028935185185185184 -0.00019290123456790122 -0.00028935185185185184
0 0.4974922839506173 0.1579861111111111 0.0787037037037037 0.0943287037037037 -0.00019290123456790122 -0.00028935185185185184 -0.00019290123456790122 -0.00028935185185185184 -0.00019290123456790122 -0.00028935185185185184 -0.00019290123456790122 -0.00028935185185185184 -0.00019290123456790122 -0.00028935185185185184 -0.00019290123456790122 -0.00028935185185185184
0 0.4927662037037037 0.21961805555555555 0.11940586419753087 0.05787037037037037 0.47357253086419754 0.21788194444444445 0.4523533950617284 0.21296296296296297 0.5505401234567902 0.22685185185185186 0.4591049382716049 0.22019675925925927 0.4486882716049383 0.22135416666666666 0.43614969135802467 0.2456597222222222
0 0.43171296296296297 0.0546875 0.03433641975308642 0.1076388888888889 0.4251543209876543 0.0005787037037037037 0.4174382716049383 0.0546875 0.43190586419753085 0.001736111111111111 0.4222608024691358 0.055844907407407406 0.4216820987654321 0.06684027777777778 0.4193672839506173 0.1032986111111111
