0 0.032310956790123455 0.12413194444444445 0.06462191358024691 0.2482638888888889 0.0013503086419753086 0.0708912037037037 0.02797067901234568 0.15248842592592593 0.057291666666666664 0.00318287037037037 0.04398148148148148 0.1545138888888889 0.046489197530864196 0.18287037037037038 0.058256172839506175 0.24247685185185186
0 0.25009645061728397 0.24696180555555555 0.1541280864197531 0.29716435185185186 0.2183641975308642 0.19126157407407407 0.27179783950617287 0.32060185185185186 0.17592592592592593 0.10503472222222222 0.2779706790123457 0.32002314814814814 0.28665123456790126 0.3324652777777778 0.3254243827160494 0.39380787037037035
0 0.33371913580246915 0.1831597222222222 0.09683641975308642 0.12210648148148148 0.3277391975308642 0.1478587962962963 0.3595679012345679 0.1987847222222222 0.28935185185185186 0.12818287037037038 0.35455246913580246 0.2013888888888889 0.36419753086419754 0.2193287037037037 0.3782793209876543 0.2410300925925926
0 0.36400462962962965 0.037760416666666664 0.05131172839506173 0.07552083333333333 0.37191358024691357 0.001736111111111111 0.38155864197530864 0.04976851851851852 0.35648148148148145 0.0005787037037037037 0.3765432098765432 0.05005787037037037 0.38040123456790126 0.06163194444444445 0.38252314814814814 0.06799768518518519
0 0.3669945987654321 0.09620949074074074 0.06963734567901235 0.14322916666666666 0.33564814814814814 0.028935185185185185 0.3605324074074074 0.11284722222222222 0.39969135802469136 0.055266203703703706 0.373070987654321 0.12297453703703703 0.37789351851851855 0.140625 0.39621913580246915 0.1634837962962963
0 0.306616512345679 0.46773726851851855 0.05690586419753087 0.11140046296296297 0.27989969135802467 0.41782407407407407 0.3152006172839506 0.4965277777777778 0.3238811728395062 0.4976851851851852 0.3258101851851852 0.5153356481481481 0.3314043209876543 0.5170717592592593 0.3341049382716049 0.5214120370370371
0 0.4158950617283951 0.4743923611111111 0.037037037037037035 0.18200231481481483 0.421875 0.40248842592592593 0.4212962962962963 0.5205439814814815 0.4224537037037037 0.3871527777777778 0.42476851851851855 0.5179398148148148 0.4212962962962963 0.53125 0.39969135802469136 0.5651041666666666
0 0.39834104938271603 0.7760416666666666 0.11072530864197531 0.11516203703703703 0.3950617283950617 0.7482638888888888 0.3680555555555556 0.8246527777777778 0.4508101851851852 0.7294560185185185 0.3713348765432099 0.8136574074074074 0.36400462962962965 0.8179976851851852 0.34510030864197533 0.8142361111111112
0 0.30671296296296297 0.7627314814814815 0.041666666666666664 0.05497685185185185 -0.00019290123456790122 -0.00028935185185185184 -0.00019290123456790122 -0.00028935185185185184 -0.00019290123456790122 -0.00028935185185185184 -0.00019290123456790122 -0.00028935185185185184 -0.00019290123456790122 -0.00028935185185185184 -0.00019290123456790122 -0.00028935185185185184
0 0.7172067901234568 0.6281828703703703 0.07330246913580248 0.17939814814814814 0.7077546296296297 0.5448495370370371 0.6919367283950617 0.6765046296296297 0.7509645061728395 0.5859375 0.7002314814814815 0.6779513888888888 0.6938657407407407 0.6953125 0.6826774691358025 0.7158564814814815
