0 0.11188271604938271 0.19675925925925927 0.16898148148148148 0.39351851851851855 0.0920138888888889 0.0023148148148148147 0.11805555555555555 0.17563657407407407 0.07581018518518519 0.004340277777777778 0.13059413580246915 0.2025462962962963 0.1392746913580247 0.23234953703703703 0.19328703703703703 0.3862847222222222
0 0.45003858024691357 0.1724537037037037 0.13348765432098766 0.3211805555555556 0.4949845679012346 0.022858796296296297 0.41300154320987653 0.19328703703703703 0.5154320987654321 0.02025462962962963 0.4230324074074074 0.1953125 0.4174382716049383 0.23726851851851852 0.3913966049382716 0.32841435185185186
0 0.03896604938271605 0.36226851851851855 0.0775462962962963 0.3680555555555556 -0.00019290123456790122 -0.00028935185185185184 -0.00019290123456790122 -0.00028935185185185184 -0.00019290123456790122 -0.00028935185185185184 -0.00019290123456790122 -0.00028935185185185184 -0.00019290123456790122 -0.00028935185185185184 -0.00019290123456790122 -0.00028935185185185184
0 0.11487268518518519 0.6511863425925926 0.058834876543209874 0.24681712962962962 0.12017746913580248 0.5460069444444444 0.09683641975308642 0.7089120370370371 0.1413966049382716 0.5321180555555556 0.10185185185185185 0.7094907407407407 0.10011574074074074 0.7378472222222222 0.08969907407407407 0.7682291666666666
0 0.05169753086419753 0.8577835648148148 0.057484567901234566 0.13802083333333334 0.030864197530864196 0.8110532407407407 0.05922067901234568 0.8735532407407407 0.034915123456790126 0.8035300925925926 0.062114197530864196 0.8642939814814815 0.06539351851851852 0.8885995370370371 0.07484567901234568 0.9215856481481481
0 0.20476466049382716 0.9571759259259259 0.058834876543209874 0.08564814814814815 -0.00019290123456790122 -0.00028935185185185184 -0.00019290123456790122 -0.00028935185185185184 -0.00019290123456790122 -0.00028935185185185184 -0.00019290123456790122 -0.00028935185185185184 -0.00019290123456790122 -0.00028935185185185184 -0.00019290123456790122 -0.00028935185185185184
0 0.37210648148148145 0.9133391203703703 0.13657407407407407 0.17332175925925927 0.30574845679012347 0.8313078703703703 0.33699845679012347 0.9589120370370371 0.4373070987654321 0.8631365740740741 0.35628858024691357 0.9644097222222222 0.34953703703703703 0.984375 0.34664351851851855 0.9982638888888888
0 0.5676118827160493 0.859375 0.1556712962962963 0.20775462962962962 0.6439043209876543 0.7601273148148148 0.6275077160493827 0.9244791666666666 0.49151234567901236 0.7855902777777778 0.6215277777777778 0.9383680555555556 0.6344521604938271 0.9473379629629629 0.6394675925925926 0.9513888888888888
0 0.8049768518518519 0.14988425925925927 0.11033950617283951 0.2899305555555556 0.8568672839506173 0.08015046296296297 0.8076774691358025 0.23292824074074073 0.7544367283950617 0.014467592592592593 0.8011188271604939 0.24305555555555555 0.8003472222222222 0.2679398148148148 0.7976466049382716 0.28877314814814814
0 0.48485725308641975 0.5170717592592593 0.11747685185185185 0.25289351851851855 0.44579475308641975 0.3949652777777778 0.4496527777777778 0.5436921296296297 0.5381944444444444 0.4710648148148148 0.46257716049382713 0.5824652777777778 0.4494598765432099 0.6116898148148148 0.43209876543209874 0.6365740740740741
0 0.5291280864197531 0.375 0.1724537037037037 0.3854166666666667 0.5515046296296297 0.18373842592592593 0.5084876543209876 0.41377314814814814 0.613233024691358 0.38744212962962965 0.5084876543209876 0.4635416666666667 0.49459876543209874 0.48813657407407407 0.44463734567901236 0.5633680555555556
