0 0.04861111111111111 0.2942708333333333 0.09722222222222222 0.18171296296296297 0.05478395061728395 0.21730324074074073 0.08969907407407407 0.3197337962962963 0.0005787037037037037 0.23177083333333334 0.08294753086419752 0.3191550925925926 0.08699845679012345 0.3414351851851852 0.09278549382716049 0.38078703703703703
0 0.24527391975308643 0.7935474537037037 0.33121141975308643 0.26533564814814814 0.37114197530864196 0.7259837962962963 0.39197530864197533 0.7737268518518519 0.08101851851851852 0.7016782407407407 0.3722993827160494 0.7760416666666666 0.3929398148148148 0.8093171296296297 0.404320987654321 0.9181134259259259
0 0.771508487654321 0.5552662037037037 0.01099537037037037 0.05613425925925926 -0.00019290123456790122 -0.00028935185185185184 -0.00019290123456790122 -0.00028935185185185184 -0.00019290123456790122 -0.00028935185185185184 -0.00019290123456790122 -0.00028935185185185184 -0.00019290123456790122 -0.00028935185185185184 -0.00019290123456790122 -0.00028935185185185184
0 0.7861689814814815 0.5588831018518519 0.016396604938271605 0.05005787037037037 -0.00019290123456790122 -0.00028935185185185184 -0.00019290123456790122 -0.00028935185185185184 -0.00019290123456790122 -0.00028935185185185184 -0.00019290123456790122 -0.00028935185185185184 -0.00019290123456790122 -0.00028935185185185184 -0.00019290123456790122 -0.00028935185185185184
0 0.8034336419753086 0.5771122685185185 0.02199074074074074 0.03269675925925926 -0.00019290123456790122 -0.00028935185185185184 -0.00019290123456790122 -0.00028935185185185184 -0.00019290123456790122 -0.00028935185185185184 -0.00019290123456790122 -0.00028935185185185184 -0.00019290123456790122 -0.00028935185185185184 -0.00019290123456790122 -0.00028935185185185184
0 0.9046103395061729 0.38310185185185186 0.01716820987654321 0.04224537037037037 -0.00019290123456790122 -0.00028935185185185184 -0.00019290123456790122 -0.00028935185185185184 -0.00019290123456790122 -0.00028935185185185184 -0.00019290123456790122 -0.00028935185185185184 -0.00019290123456790122 -0.00028935185185185184 -0.00019290123456790122 -0.00028935185185185184
0 0.9846643518518519 0.3480902777777778 0.030671296296296297 0.10069444444444445 0.9913194444444444 0.30439814814814814 0.9783950617283951 0.3839699074074074 0.9998070987654321 0.3336226851851852 0.9837962962962963 0.3804976851851852 0.9768518518518519 0.3894675925925926 0.9702932098765432 0.3972800925925926
0 0.7980324074074074 0.24131944444444445 0.05169753086419753 0.17708333333333334 0.8063271604938271 0.2109375 0.8059413580246914 0.29658564814814814 0.7756558641975309 0.15596064814814814 0.8096064814814815 0.2960069444444444 0.8109567901234568 0.3070023148148148 0.8211805555555556 0.32494212962962965
0 0.9346064814814815 0.10561342592592593 0.10532407407407407 0.21122685185185186 0.9052854938271605 0.002025462962962963 0.9076003086419753 0.08998842592592593 0.9839891975308642 0.002025462962962963 0.9184027777777778 0.09722222222222222 0.9099151234567902 0.1284722222222222 0.8848379629629629 0.20804398148148148
0 0.4809027777777778 0.1261574074074074 0.04513888888888889 0.05960648148148148 -0.00019290123456790122 -0.00028935185185185184 -0.00019290123456790122 -0.00028935185185185184 -0.00019290123456790122 -0.00028935185185185184 -0.00019290123456790122 -0.00028935185185185184 -0.00019290123456790122 -0.00028935185185185184 -0.00019290123456790122 -0.00028935185185185184
0 0.5245949074074074 0.2622974537037037 0.034915123456790126 0.09577546296296297 0.5169753086419753 0.22077546296296297 0.5160108024691358 0.28096064814814814 0.5407021604938271 0.2222222222222222 0.5217978395061729 0.2824074074074074 0.5190972222222222 0.29050925925925924 0.5196759259259259 0.3038194444444444
0 0.4254436728395062 0.2076099537037037 0.11593364197530864 0.17679398148148148 0.38406635802469136 0.15625 0.3744212962962963 0.2361111111111111 0.4820601851851852 0.13136574074074073 0.37905092592592593 0.24131944444444445 0.375 0.25636574074074076 0.3722993827160494 0.2913773148148148
0 0.32860725308641975 0.4011863425925926 0.13406635802469136 0.32609953703703703 0.35281635802469136 0.40422453703703703 0.38445216049382713 0.4887152777777778 0.263695987654321 0.24305555555555555 0.3773148148148148 0.4861111111111111 0.3809799382716049 0.5081018518518519 0.39274691358024694 0.5598958333333334
0 0.40412808641975306 0.5894097222222222 0.020061728395061727 0.08391203703703703 -0.00019290123456790122 -0.00028935185185185184 -0.00019290123456790122 -0.00028935185185185184 -0.00019290123456790122 -0.00028935185185185184 -0.00019290123456790122 -0.00028935185185185184 -0.00019290123456790122 -0.00028935185185185184 -0.00019290123456790122 -0.00028935185185185184
0 0.2767168209876543 0.5928819444444444 0.109375 0.19328703703703703 0.3238811728395062 0.5002893518518519 0.32253086419753085 0.6270254629629629 0.22627314814814814 0.5815972222222222 0.3140432098765432 0.6519097222222222 0.31867283950617287 0.6692708333333334 0.3221450617283951 0.6875
0 0.38570601851851855 0.6468460648148148 0.03915895061728395 0.051215277777777776 -0.00019290123456790122 -0.00028935185185185184 -0.00019290123456790122 -0.00028935185185185184 -0.00019290123456790122 -0.00028935185185185184 -0.00019290123456790122 -0.00028935185185185184 -0.00019290123456790122 -0.00028935185185185184 -0.00019290123456790122 -0.00028935185185185184
