0 0.8177083333333334 0.6637731481481481 0.06172839506172839 0.18113425925925927 0.7947530864197531 0.7008101851851852 0.8269675925925926 0.7369791666666666 0.8169367283950617 0.5769675925925926 0.8248456790123457 0.7213541666666666 0.8352623456790124 0.7395833333333334 0.8439429012345679 0.7482638888888888
0 0.9439621913580247 0.6377314814814815 0.09008487654320987 0.1400462962962963 0.9176311728395061 0.5720486111111112 0.9274691358024691 0.6377314814814815 0.9851466049382716 0.6831597222222222 0.9236111111111112 0.6539351851851852 0.9209104938271605 0.6631944444444444 0.9016203703703703 0.7042824074074074
0 0.8123070987654321 0.45847800925925924 0.019290123456790122 0.07609953703703703 -0.00019290123456790122 -0.00028935185185185184 -0.00019290123456790122 -0.00028935185185185184 -0.00019290123456790122 -0.00028935185185185184 -0.00019290123456790122 -0.00028935185185185184 -0.00019290123456790122 -0.00028935185185185184 -0.00019290123456790122 -0.00028935185185185184
0 0.8195408950617284 0.5348668981481481 0.019097222222222224 0.04369212962962963 -0.00019290123456790122 -0.00028935185185185184 -0.00019290123456790122 -0.00028935185185185184 -0.00019290123456790122 -0.00028935185185185184 -0.00019290123456790122 -0.00028935185185185184 -0.00019290123456790122 -0.00028935185185185184 -0.00019290123456790122 -0.00028935185185185184
0 0.8470293209876543 0.4743923611111111 0.03125 0.08304398148148148 -0.00019290123456790122 -0.00028935185185185184 -0.00019290123456790122 -0.00028935185185185184 -0.00019290123456790122 -0.00028935185185185184 -0.00019290123456790122 -0.00028935185185185184 -0.00019290123456790122 -0.00028935185185185184 -0.00019290123456790122 -0.00028935185185185184
0 0.5048225308641975 0.3449074074074074 0.03742283950617284 0.2552083333333333 0.5154320987654321 0.21961805555555555 0.49324845679012347 0.3527199074074074 0.5187114197530864 0.22685185185185186 0.5050154320987654 0.36342592592592593 0.5050154320987654 0.38657407407407407 0.5115740740740741 0.46903935185185186
0 0.5275848765432098 0.38671875 0.03510802469135803 0.1490162037037037 0.5235339506172839 0.31568287037037035 0.5235339506172839 0.3315972222222222 0.5250771604938271 0.33738425925925924 0.5360725308641975 0.4117476851851852 0.5337577160493827 0.4285300925925926 0.5354938271604939 0.45804398148148145
0 0.47627314814814814 0.6440972222222222 0.05555555555555555 0.13831018518518517 0.47858796296296297 0.5798611111111112 0.4878472222222222 0.6585648148148148 0.4542824074074074 0.6588541666666666 0.48842592592592593 0.6788194444444444 0.49074074074074076 0.6898148148148148 0.4992283950617284 0.7092013888888888
0 0.1519097222222222 0.2650462962962963 0.05304783950617284 0.0920138888888889 -0.00019290123456790122 -0.00028935185185185184 -0.00019290123456790122 -0.00028935185185185184 -0.00019290123456790122 -0.00028935185185185184 -0.00019290123456790122 -0.00028935185185185184 -0.00019290123456790122 -0.00028935185185185184 -0.00019290123456790122 -0.00028935185185185184
0 0.08034336419753087 0.9673032407407407 0.16068672839506173 0.0625 0.0779320987654321 0.9568865740740741 0.10590277777777778 0.9609375 0.07137345679012345 0.9976851851851852 0.0920138888888889 0.9788773148148148 0.11304012345679013 0.9719328703703703 0.15316358024691357 0.9959490740740741
0 0.5760995370370371 0.9089988425925926 0.03993055555555555 0.08998842592592593 0.5792824074074074 0.8683449074074074 0.5904706790123457 0.9276620370370371 0.5650077160493827 0.9027777777777778 0.578125 0.9131944444444444 0.5868055555555556 0.9343171296296297 0.5848765432098766 0.9461805555555556
