0 0.10165895061728394 0.8796296296296297 0.03973765432098766 0.21122685185185186 0.09683641975308642 0.8504050925925926 0.1095679012345679 0.9244791666666666 0.08410493827160494 0.7789351851851852 0.10378086419753087 0.921875 0.10243055555555555 0.9369212962962963 0.10223765432098765 0.9817708333333334
0 0.08140432098765432 0.5250289351851852 0.03587962962962963 0.1467013888888889 -0.00019290123456790122 -0.00028935185185185184 -0.00019290123456790122 -0.00028935185185185184 -0.00019290123456790122 -0.00028935185185185184 -0.00019290123456790122 -0.00028935185185185184 -0.00019290123456790122 -0.00028935185185185184 -0.00019290123456790122 -0.00028935185185185184
0 0.2425733024691358 0.1472800925925926 0.08275462962962964 0.14988425925925927 -0.00019290123456790122 -0.00028935185185185184 -0.00019290123456790122 -0.00028935185185185184 -0.00019290123456790122 -0.00028935185185185184 -0.00019290123456790122 -0.00028935185185185184 -0.00019290123456790122 -0.00028935185185185184 -0.00019290123456790122 -0.00028935185185185184
0 0.2587770061728395 0.21021412037037038 0.09162808641975309 0.21672453703703703 0.2175925925925926 0.19820601851851852 0.22434413580246915 0.2725694444444444 0.30304783950617287 0.10734953703703703 0.23167438271604937 0.2725694444444444 0.2332175925925926 0.29195601851851855 0.2368827160493827 0.3130787037037037
0 0.49083719135802467 0.23582175925925927 0.0777391975308642 0.15625 0.45524691358024694 0.16637731481481483 0.5109953703703703 0.24074074074074073 0.45524691358024694 0.171875 0.5121527777777778 0.26186342592592593 0.5192901234567902 0.28587962962962965 0.5254629629629629 0.30758101851851855
0 0.6363811728395061 0.6841724537037037 0.07600308641975309 0.14207175925925927 0.6728395061728395 0.6192129629629629 0.6558641975308642 0.6938657407407407 0.6026234567901234 0.6533564814814815 0.6460262345679012 0.7022569444444444 0.6460262345679012 0.7155671296296297 0.6371527777777778 0.7505787037037037
0 0.9068287037037037 0.7978877314814815 0.09220679012345678 0.20572916666666666 0.9166666666666666 0.7864583333333334 0.8672839506172839 0.8634259259259259 0.9515817901234568 0.6990740740740741 0.8721064814814815 0.8614004629629629 0.8686342592592593 0.8758680555555556 0.8667052469135802 0.8914930555555556
0 0.7834683641975309 0.6127025462962963 0.05844907407407408 0.0685763888888889 -0.00019290123456790122 -0.00028935185185185184 -0.00019290123456790122 -0.00028935185185185184 -0.00019290123456790122 -0.00028935185185185184 -0.00019290123456790122 -0.00028935185185185184 -0.00019290123456790122 -0.00028935185185185184 -0.00019290123456790122 -0.00028935185185185184
0 0.6827739197530864 0.5276331018518519 0.05497685185185185 0.10734953703703703 0.6657021604938271 0.4777199074074074 0.6682098765432098 0.5283564814814815 0.7067901234567902 0.4921875 0.6772762345679012 0.5381944444444444 0.6726466049382716 0.5500578703703703 0.6628086419753086 0.5708912037037037
0 0.697241512345679 0.1171875 0.041859567901234566 0.14756944444444445 0.7118055555555556 0.05063657407407408 0.7065972222222222 0.07175925925925926 0.6892361111111112 0.06278935185185185 0.6983024691358025 0.1423611111111111 0.6940586419753086 0.1579861111111111 0.6846064814814815 0.18836805555555555
