0 0.42255015432098764 0.28718171296296297 0.14448302469135801 0.20167824074074073 0.4567901234567901 0.1918402777777778 0.4807098765432099 0.3125 0.35165895061728397 0.19270833333333334 0.4747299382716049 0.31452546296296297 0.4799382716049383 0.33101851851851855 0.4913194444444444 0.3836805555555556
0 0.6025270061728395 0.17607060185185186 0.11940586419753087 0.24450231481481483 0.6587577160493827 0.05873842592592592 0.6138117283950617 0.21238425925925927 0.5491898148148148 0.14438657407407407 0.6016589506172839 0.22800925925925927 0.6051311728395061 0.24681712962962962 0.597608024691358 0.29195601851851855
0 0.23051697530864199 0.6617476851851852 0.14390432098765432 0.30324074074074076 0.16242283950617284 0.5992476851851852 0.19251543209876543 0.7274305555555556 0.2972608024691358 0.5176504629629629 0.20466820987654322 0.7106481481481481 0.20640432098765432 0.7479745370370371 0.22183641975308643 0.8055555555555556
0 0.3203125 0.8260995370370371 0.19155092592592593 0.28587962962962965 0.4018132716049383 0.6889467592592593 0.38927469135802467 0.8825231481481481 0.22762345679012347 0.8359375 0.3732638888888889 0.90625 0.38850308641975306 0.9270833333333334 0.4099151234567901 0.9652777777777778
0 0.5559413580246914 0.6545138888888888 0.08796296296296297 0.16956018518518517 0.5260416666666666 0.5925925925925926 0.5142746913580247 0.7025462962962963 0.5979938271604939 0.5714699074074074 0.5219907407407407 0.6987847222222222 0.5181327160493827 0.7178819444444444 0.5204475308641975 0.7332175925925926
0 0.7254050925925926 0.5299479166666666 0.042631172839506175 0.11197916666666667 -0.00019290123456790122 -0.00028935185185185184 -0.00019290123456790122 -0.00028935185185185184 -0.00019290123456790122 -0.00028935185185185184 -0.00019290123456790122 -0.00028935185185185184 -0.00019290123456790122 -0.00028935185185185184 -0.00019290123456790122 -0.00028935185185185184
0 0.6961805555555556 0.5713252314814815 0.027391975308641976 0.08940972222222222 -0.00019290123456790122 -0.00028935185185185184 -0.00019290123456790122 -0.00028935185185185184 -0.00019290123456790122 -0.00028935185185185184 -0.00019290123456790122 -0.00028935185185185184 -0.00019290123456790122 -0.00028935185185185184 -0.00019290123456790122 -0.00028935185185185184
0 0.7436342592592593 0.5192418981481481 0.03742283950617284 0.19010416666666666 -0.00019290123456790122 -0.00028935185185185184 -0.00019290123456790122 -0.00028935185185185184 -0.00019290123456790122 -0.00028935185185185184 -0.00019290123456790122 -0.00028935185185185184 -0.00019290123456790122 -0.00028935185185185184 -0.00019290123456790122 -0.00028935185185185184
0 0.8929398148148148 0.5578703703703703 0.03935185185185185 0.0763888888888889 -0.00019290123456790122 -0.00028935185185185184 -0.00019290123456790122 -0.00028935185185185184 -0.00019290123456790122 -0.00028935185185185184 -0.00019290123456790122 -0.00028935185185185184 -0.00019290123456790122 -0.00028935185185185184 -0.00019290123456790122 -0.00028935185185185184
0 0.9514853395061729 0.5358796296296297 0.054205246913580245 0.11631944444444445 -0.00019290123456790122 -0.00028935185185185184 -0.00019290123456790122 -0.00028935185185185184 -0.00019290123456790122 -0.00028935185185185184 -0.00019290123456790122 -0.00028935185185185184 -0.00019290123456790122 -0.00028935185185185184 -0.00019290123456790122 -0.00028935185185185184
