0 0.29812885802469136 0.16927083333333334 0.15991512345679013 0.21122685185185186 0.2199074074074074 0.06799768518518519 0.26022376543209874 0.17737268518518517 0.3767361111111111 0.27054398148148145 0.27025462962962965 0.19444444444444445 0.25906635802469136 0.20804398148148148 0.24614197530864199 0.2711226851851852
0 0.2244405864197531 0.3644386574074074 0.13522376543209877 0.15538194444444445 0.2908950617283951 0.2907986111111111 0.26697530864197533 0.36400462962962965 0.15856481481481483 0.3090277777777778 0.25945216049382713 0.3645833333333333 0.2660108024691358 0.3822337962962963 0.27584876543209874 0.43894675925925924
0 0.3923611111111111 0.5677083333333334 0.06983024691358025 0.1255787037037037 0.4079861111111111 0.5066550925925926 0.41396604938271603 0.5813078703703703 0.3584104938271605 0.5607638888888888 0.40933641975308643 0.5946180555555556 0.41242283950617287 0.6050347222222222 0.4236111111111111 0.6284722222222222
0 0.45264274691358025 0.4759837962962963 0.1398533950617284 0.15162037037037038 0.38406635802469136 0.4036458333333333 0.40316358024691357 0.4837962962962963 0.519483024691358 0.4739583333333333 0.41300154320987653 0.4832175925925926 0.40412808641975306 0.49971064814814814 0.40162037037037035 0.5477430555555556
0 0.16608796296296297 0.9011863425925926 0.05555555555555555 0.1675347222222222 0.16358024691358025 0.9126157407407407 0.15779320987654322 0.9343171296296297 0.17554012345679013 0.8263888888888888 0.1560570987654321 0.9270833333333334 0.15335648148148148 0.9438657407407407 0.1408179012345679 0.9823495370370371
0 0.4056712962962963 0.8485243055555556 0.05594135802469136 0.12008101851851852 0.4054783950617284 0.8055555555555556 0.42959104938271603 0.8645833333333334 0.37905092592592593 0.7913773148148148 0.42573302469135804 0.8741319444444444 0.4270833333333333 0.8839699074074074 0.42978395061728397 0.9068287037037037
0 0.41396604938271603 0.7281539351851852 0.08063271604938271 0.11313657407407407 0.38483796296296297 0.6805555555555556 0.3757716049382716 0.734375 0.4523533950617284 0.7109375 0.3802083333333333 0.7378472222222222 0.3777006172839506 0.7511574074074074 0.3759645061728395 0.7829861111111112
0 0.1474729938271605 0.5617766203703703 0.11130401234567901 0.11313657407407407 0.18557098765432098 0.5086805555555556 0.17920524691358025 0.5630787037037037 0.0933641975308642 0.6163194444444444 0.1705246913580247 0.5700231481481481 0.18152006172839505 0.5821759259259259 0.19830246913580246 0.6154513888888888
0 0.017457561728395063 0.4469039351851852 0.034915123456790126 0.06915509259259259 0.0007716049382716049 0.4149305555555556 0.032407407407407406 0.45601851851851855 0.00038580246913580245 0.4427083333333333 0.02488425925925926 0.4542824074074074 0.02970679012345679 0.4661458333333333 0.032407407407407406 0.4800347222222222
0 0.3621720679012346 0.66796875 0.06770833333333333 0.15306712962962962 0.3435570987654321 0.7094907407407407 0.3460648148148148 0.7332175925925926 0.36824845679012347 0.6035879629629629 0.35050154320987653 0.7228009259259259 0.35146604938271603 0.7387152777777778 0.3524305555555556 0.7427662037037037
0 0.8255208333333334 0.11516203703703703 0.06925154320987655 0.0931712962962963 0.8138503086419753 0.07899305555555555 0.7999614197530864 0.12210648148148148 0.8566743827160493 0.07378472222222222 0.8024691358024691 0.13252314814814814 0.7982253086419753 0.13975694444444445 0.7932098765432098 0.1568287037037037
0 0.9017168209876543 0.3988715277777778 0.057291666666666664 0.12181712962962964 0.9288194444444444 0.3420138888888889 0.9039351851851852 0.4146412037037037 0.8875385802469136 0.4085648148148148 0.8994984567901234 0.4357638888888889 0.8958333333333334 0.4461805555555556 0.8904320987654321 0.4574652777777778
0 0.8737461419753086 0.48509837962962965 0.022569444444444444 0.15538194444444445 0.8836805555555556 0.4675925925925926 0.8755787037037037 0.5373263888888888 0.8684413580246914 0.4105902777777778 0.8707561728395061 0.5324074074074074 0.8682484567901234 0.5474537037037037 0.8638117283950617 0.5587384259259259
0 0.8115354938271605 0.5315393518518519 0.09953703703703703 0.1556712962962963 0.8562885802469136 0.5164930555555556 0.8560956790123457 0.5766782407407407 0.763695987654321 0.45630787037037035 0.8497299382716049 0.5752314814814815 0.8479938271604939 0.5882523148148148 0.8429783950617284 0.6053240740740741
0 0.9701003086419753 0.8972800925925926 0.059027777777777776 0.2042824074074074 0.9926697530864198 0.8718171296296297 0.9905478395061729 0.9522569444444444 0.9417438271604939 0.7983217592592593 0.9880401234567902 0.9432870370370371 0.9905478395061729 0.9577546296296297 0.9944058641975309 0.9968171296296297
0 0.6418788580246914 0.6783854166666666 0.041087962962962965 0.1605902777777778 0.6520061728395061 0.6600115740740741 0.6400462962962963 0.7190393518518519 0.6558641975308642 0.6006944444444444 0.6369598765432098 0.7141203703703703 0.6340663580246914 0.7274305555555556 0.6253858024691358 0.7563657407407407
0 0.5876736111111112 0.4742476851851852 0.028356481481481483 0.14641203703703703 0.5877700617283951 0.4916087962962963 0.5814043209876543 0.5387731481481481 0.5985725308641975 0.40335648148148145 0.5841049382716049 0.5318287037037037 0.5810185185185185 0.5425347222222222 0.5798611111111112 0.5460069444444444
