0 0.09239969135802469 0.3253761574074074 0.18479938271604937 0.36429398148148145 0.11766975308641975 0.14872685185185186 0.1275077160493827 0.3822337962962963 0.0015432098765432098 0.3489583333333333 0.12210648148148148 0.4157986111111111 0.1385030864197531 0.43605324074074076 0.17804783950617284 0.5008680555555556
0 0.2760416666666667 0.14192708333333334 0.13618827160493827 0.16927083333333334 -0.00019290123456790122 -0.00028935185185185184 -0.00019290123456790122 -0.00028935185185185184 -0.00019290123456790122 -0.00028935185185185184 -0.00019290123456790122 -0.00028935185185185184 -0.00019290123456790122 -0.00028935185185185184 -0.00019290123456790122 -0.00028935185185185184
0 0.4174382716049383 0.6578414351851852 0.01890432098765432 0.09866898148148148 0.41203703703703703 0.6137152777777778 0.4166666666666667 0.6559606481481481 0.42052469135802467 0.6614583333333334 0.41570216049382713 0.6733217592592593 0.4168595679012346 0.6834490740740741 0.41724537037037035 0.703125
0 0.39371141975308643 0.3292824074074074 0.1261574074074074 0.22280092592592593 0.3958333333333333 0.234375 0.41801697530864196 0.36921296296296297 0.33275462962962965 0.22106481481481483 0.4174382716049383 0.3802083333333333 0.4253472222222222 0.39033564814814814 0.4542824074074074 0.4383680555555556
0 0.4679783950617284 0.1009837962962963 0.05439814814814815 0.20023148148148148 -0.00019290123456790122 -0.00028935185185185184 -0.00019290123456790122 -0.00028935185185185184 -0.00019290123456790122 -0.00028935185185185184 -0.00019290123456790122 -0.00028935185185185184 -0.00019290123456790122 -0.00028935185185185184 -0.00019290123456790122 -0.00028935185185185184
0 0.5004822530864198 0.2899305555555556 0.13252314814814814 0.35011574074074076 0.4652777777777778 0.19386574074074073 0.5308641975308642 0.35734953703703703 0.4386574074074074 0.1244212962962963 0.527391975308642 0.36747685185185186 0.5368441358024691 0.3883101851851852 0.5628858024691358 0.4586226851851852
0 0.6869212962962963 0.30873842592592593 0.04128086419753087 0.2760416666666667 0.705054012345679 0.20804398148148148 0.6946373456790124 0.32841435185185186 0.6782407407407407 0.17592592592592593 0.6890432098765432 0.3414351851851852 0.6876929012345679 0.3570601851851852 0.6817129629629629 0.4398148148148148
0 0.6480516975308642 0.5135995370370371 0.014853395061728395 0.061342592592592594 -0.00019290123456790122 -0.00028935185185185184 -0.00019290123456790122 -0.00028935185185185184 -0.00019290123456790122 -0.00028935185185185184 -0.00019290123456790122 -0.00028935185185185184 -0.00019290123456790122 -0.00028935185185185184 -0.00019290123456790122 -0.00028935185185185184
0 0.7507716049382716 0.5335648148148148 0.04552469135802469 0.08101851851851852 -0.00019290123456790122 -0.00028935185185185184 -0.00019290123456790122 -0.00028935185185185184 -0.00019290123456790122 -0.00028935185185185184 -0.00019290123456790122 -0.00028935185185185184 -0.00019290123456790122 -0.00028935185185185184 -0.00019290123456790122 -0.00028935185185185184
0 0.7975501543209876 0.29788773148148145 0.06539351851851852 0.1362847222222222 0.7986111111111112 0.23408564814814814 0.8028549382716049 0.29542824074074076 0.8076774691358025 0.3090277777777778 0.7957175925925926 0.3203125 0.7903163580246914 0.3304398148148148 0.7669753086419753 0.3611111111111111
0 0.5912422839506173 0.2818287037037037 0.09606481481481481 0.2181712962962963 0.581983024691358 0.2873263888888889 0.6026234567901234 0.3370949074074074 0.5505401234567902 0.17679398148148148 0.6086033950617284 0.3443287037037037 0.6120756172839507 0.35185185185185186 0.6336805555555556 0.38686342592592593
