0 0.051022376543209874 0.12485532407407407 0.022955246913580248 0.09172453703703703 -0.00019290123456790122 -0.00028935185185185184 -0.00019290123456790122 -0.00028935185185185184 -0.00019290123456790122 -0.00028935185185185184 -0.00019290123456790122 -0.00028935185185185184 -0.00019290123456790122 -0.00028935185185185184 -0.00019290123456790122 -0.00028935185185185184
0 0.022472993827160493 0.12572337962962962 0.044945987654320986 0.10792824074074074 0.041666666666666664 0.07494212962962964 0.022955246913580248 0.15075231481481483 0.00019290123456790122 0.15625 0.012924382716049383 0.1684027777777778 0.020640432098765434 0.17158564814814814 0.025655864197530864 0.17476851851851852
0 0.07860725308641975 0.41261574074074076 0.029899691358024692 0.031828703703703706 -0.00019290123456790122 -0.00028935185185185184 -0.00019290123456790122 -0.00028935185185185184 -0.00019290123456790122 -0.00028935185185185184 -0.00019290123456790122 -0.00028935185185185184 -0.00019290123456790122 -0.00028935185185185184 -0.00019290123456790122 -0.00028935185185185184
0 0.1463155864197531 0.2974537037037037 0.07079475308641975 0.18171296296296297 0.17824074074074073 0.3489583333333333 0.13618827160493827 0.35358796296296297 0.1548996913580247 0.21354166666666666 0.13213734567901234 0.3428819444444444 0.12384259259259259 0.3602430555555556 0.11458333333333333 0.3816550925925926
0 0.05806327160493827 0.8046875 0.08719135802469136 0.1261574074074074 -0.00019290123456790122 -0.00028935185185185184 -0.00019290123456790122 -0.00028935185185185184 -0.00019290123456790122 -0.00028935185185185184 -0.00019290123456790122 -0.00028935185185185184 -0.00019290123456790122 -0.00028935185185185184 -0.00019290123456790122 -0.00028935185185185184
0 0.4220679012345679 0.6934317129629629 0.06442901234567901 0.13802083333333334 0.4488811728395062 0.6762152777777778 0.43190586419753085 0.7042824074074074 0.40760030864197533 0.6293402777777778 0.4226466049382716 0.6924189814814815 0.4255401234567901 0.7149884259259259 0.43113425925925924 0.7554976851851852
0 0.5358796296296297 0.5425347222222222 0.07330246913580248 0.25752314814814814 0.5570987654320988 0.5500578703703703 0.5561342592592593 0.6119791666666666 0.5208333333333334 0.4195601851851852 0.5482253086419753 0.6024305555555556 0.5461033950617284 0.6261574074074074 0.5345293209876543 0.6669560185185185
0 0.6909722222222222 0.45847800925925924 0.048996913580246916 0.20167824074074073 0.6967592592592593 0.5107060185185185 0.6938657407407407 0.5280671296296297 0.6892361111111112 0.36574074074074076 0.6880787037037037 0.5254629629629629 0.6873070987654321 0.5355902777777778 0.6817129629629629 0.5529513888888888
0 0.8414351851851852 0.4079861111111111 0.07908950617283951 0.13078703703703703 0.8684413580246914 0.34780092592592593 0.8458719135802469 0.40596064814814814 0.8408564814814815 0.43952546296296297 0.8433641975308642 0.4195601851851852 0.8302469135802469 0.43952546296296297 0.8084490740740741 0.46846064814814814
0 0.7184606481481481 0.2743055555555556 0.03722993827160494 0.06076388888888889 -0.00019290123456790122 -0.00028935185185185184 -0.00019290123456790122 -0.00028935185185185184 -0.00019290123456790122 -0.00028935185185185184 -0.00019290123456790122 -0.00028935185185185184 -0.00019290123456790122 -0.00028935185185185184 -0.00019290123456790122 -0.00028935185185185184
0 0.525366512345679 0.31611689814814814 0.06770833333333333 0.26244212962962965 -0.00019290123456790122 -0.00028935185185185184 -0.00019290123456790122 -0.00028935185185185184 -0.00019290123456790122 -0.00028935185185185184 -0.00019290123456790122 -0.00028935185185185184 -0.00019290123456790122 -0.00028935185185185184 -0.00019290123456790122 -0.00028935185185185184
