0 0.08111496913580248 0.49146412037037035 0.08005401234567901 0.12471064814814815 0.04359567901234568 0.4479166666666667 0.07291666666666667 0.48032407407407407 0.11805555555555555 0.4380787037037037 0.07465277777777778 0.5083912037037037 0.07445987654320987 0.5260416666666666 0.07195216049382716 0.5512152777777778
0 0.2010030864197531 0.5570023148148148 0.04436728395061729 0.16261574074074073 0.19444444444444445 0.5234375 0.20543981481481483 0.6218171296296297 0.18441358024691357 0.48061342592592593 0.20910493827160495 0.6137152777777778 0.21469907407407407 0.6276041666666666 0.2195216049382716 0.6348379629629629
0 0.5193865740740741 0.7651909722222222 0.1275077160493827 0.16927083333333334 0.5163966049382716 0.7962962962962963 0.47511574074074076 0.8278356481481481 0.5796682098765432 0.6863425925925926 0.47897376543209874 0.8298611111111112 0.4714506172839506 0.8356481481481481 0.45929783950617287 0.8443287037037037
0 0.521508487654321 0.48451967592592593 0.05652006172839506 0.22945601851851852 0.4996141975308642 0.4427083333333333 0.5027006172839507 0.5306712962962963 0.5457175925925926 0.3773148148148148 0.5075231481481481 0.5295138888888888 0.5048225308641975 0.5500578703703703 0.49787808641975306 0.5923032407407407
0 0.32253086419753085 0.4817708333333333 0.033950617283950615 0.0763888888888889 0.32002314814814814 0.4479166666666667 0.32272376543209874 0.4615162037037037 0.32175925925925924 0.46672453703703703 0.328125 0.5020254629629629 0.33352623456790126 0.5127314814814815 0.33487654320987653 0.5190972222222222
0 0.24556327160493827 0.5196759259259259 0.030864197530864196 0.10127314814814815 0.23765432098765432 0.4777199074074074 0.24054783950617284 0.4947916666666667 0.24729938271604937 0.49537037037037035 0.24594907407407407 0.5364583333333334 0.2550154320987654 0.5509259259259259 0.25675154320987653 0.5659722222222222
0 0.24604552469135801 0.07696759259259259 0.055748456790123455 0.15393518518518517 0.2706404320987654 0.0008680555555555555 0.25829475308641975 0.09346064814814815 0.24093364197530864 0.0023148148148148147 0.2505787037037037 0.08969907407407407 0.2486496913580247 0.1099537037037037 0.2486496913580247 0.1495949074074074
0 0.43277391975308643 0.26591435185185186 0.09780092592592593 0.32060185185185186 0.47588734567901236 0.16319444444444445 0.4537037037037037 0.26244212962962965 0.38753858024691357 0.11024305555555555 0.4417438271604938 0.2902199074074074 0.44386574074074076 0.31828703703703703 0.4444444444444444 0.4207175925925926
0 0.966820987654321 0.15147569444444445 0.06635802469135803 0.1657986111111111 0.9822530864197531 0.09519675925925926 0.9434799382716049 0.17447916666666666 0.9992283950617284 0.10358796296296297 0.9510030864197531 0.17158564814814814 0.9432870370370371 0.19618055555555555 0.9373070987654321 0.23061342592592593
0 0.7760416666666666 0.7430555555555556 0.06828703703703703 0.20891203703703703 0.783179012345679 0.7491319444444444 0.7710262345679012 0.7916666666666666 0.7993827160493827 0.6426504629629629 0.7623456790123457 0.7899305555555556 0.7575231481481481 0.7997685185185185 0.7442129629629629 0.8428819444444444
