0 0.21286651234567902 0.17896412037037038 0.038001543209876545 0.1490162037037037 0.19540895061728394 0.13020833333333334 0.20119598765432098 0.18113425925925927 0.22492283950617284 0.109375 0.20794753086419754 0.18113425925925927 0.20582561728395063 0.19618055555555555 0.2023533950617284 0.24971064814814814
0 0.2193287037037037 0.2298900462962963 0.09953703703703703 0.16637731481481483 0.2679398148148148 0.14930555555555555 0.21604938271604937 0.2465277777777778 0.1711033950617284 0.1675347222222222 0.19945987654320987 0.2511574074074074 0.20042438271604937 0.2711226851851852 0.2010030864197531 0.3107638888888889
0 0.11168981481481481 0.6205150462962963 0.02507716049382716 0.11950231481481481 0.11766975308641975 0.5653935185185185 0.109375 0.6464120370370371 0.11689814814814815 0.5630787037037037 0.11265432098765432 0.6400462962962963 0.11091820987654322 0.6504629629629629 0.11226851851851852 0.6767939814814815
0 0.17689043209876543 0.6529224537037037 0.04513888888888889 0.11950231481481481 0.16087962962962962 0.5949074074074074 0.16242283950617284 0.6956018518518519 0.19540895061728394 0.6652199074074074 0.16531635802469136 0.6970486111111112 0.16300154320987653 0.7034143518518519 0.16145833333333334 0.7094907407407407
0 0.39737654320987653 0.45326967592592593 0.09837962962962964 0.2578125 0.35030864197530864 0.328125 0.376929012345679 0.4710648148148148 0.44232253086419754 0.4704861111111111 0.3898533950617284 0.5066550925925926 0.37905092592592593 0.5202546296296297 0.36728395061728397 0.5772569444444444
0 0.4426118827160494 0.4075520833333333 0.12982253086419754 0.2097800925925926 0.5059799382716049 0.3052662037037037 0.4525462962962963 0.4632523148148148 0.38175154320987653 0.3449074074074074 0.43885030864197533 0.47164351851851855 0.4425154320987654 0.48582175925925924 0.4400077160493827 0.5098379629629629
0 0.3028549382716049 0.9001736111111112 0.10108024691358025 0.08564814814814815 0.3107638888888889 0.8952546296296297 0.2648533950617284 0.9265046296296297 0.35146604938271603 0.8611111111111112 0.2725694444444444 0.9328703703703703 0.26157407407407407 0.9392361111111112 0.25385802469135804 0.9398148148148148
0 0.44367283950617287 0.9386574074074074 0.0470679012345679 0.11226851851851852 0.4386574074074074 0.8842592592592593 0.42746913580246915 0.9563078703703703 0.4565972222222222 0.9600694444444444 0.42824074074074076 0.9725115740740741 0.4245756172839506 0.9852430555555556 0.4226466049382716 0.9913194444444444
0 0.9549575617283951 0.9324363425925926 0.08969907407407407 0.12239583333333333 0.9990354938271605 0.9088541666666666 0.9675925925925926 0.9661458333333334 0.9112654320987654 0.8776041666666666 0.9602623456790124 0.9525462962962963 0.9589120370370371 0.9730902777777778 0.9596836419753086 0.9910300925925926
0 0.38763503086419754 0.5474537037037037 0.07310956790123457 0.19907407407407407 0.3543595679012346 0.6241319444444444 0.3748070987654321 0.6383101851851852 0.4025848765432099 0.4519675925925926 0.3846450617283951 0.6313657407407407 0.3861882716049383 0.6420717592592593 0.3917824074074074 0.6455439814814815
