0 0.29581404320987653 0.12586805555555555 0.046875 0.2488425925925926 0.2881944444444444 0.0859375 0.30246913580246915 0.19212962962962962 0.2856867283950617 0.0014467592592592592 0.3082561728395062 0.1970486111111111 0.3097993827160494 0.20891203703703703 0.3175154320987654 0.24537037037037038
0 0.2240547839506173 0.5535300925925926 0.09587191358024691 0.14351851851851852 -0.00019290123456790122 -0.00028935185185185184 -0.00019290123456790122 -0.00028935185185185184 -0.00019290123456790122 -0.00028935185185185184 -0.00019290123456790122 -0.00028935185185185184 -0.00019290123456790122 -0.00028935185185185184 -0.00019290123456790122 -0.00028935185185185184
0 0.7353395061728395 0.7133969907407407 0.13503086419753085 0.3515625 0.7795138888888888 0.7954282407407407 0.7035108024691358 0.8619791666666666 0.7862654320987654 0.5491898148148148 0.705054012345679 0.8434606481481481 0.6940586419753086 0.8666087962962963 0.6776620370370371 0.8836805555555556
0 0.771508487654321 0.6015625 0.11284722222222222 0.12037037037037036 0.7511574074074074 0.5989583333333334 0.7256944444444444 0.6273148148148148 0.8227237654320988 0.5549768518518519 0.7303240740740741 0.6345486111111112 0.7256944444444444 0.6461226851851852 0.7191358024691358 0.6582754629629629
0 0.7682291666666666 0.35792824074074076 0.09702932098765432 0.16435185185185186 0.7797067901234568 0.31221064814814814 0.7511574074074074 0.4001736111111111 0.8157793209876543 0.2789351851851852 0.75 0.40335648148148145 0.7478780864197531 0.4045138888888889 0.7224151234567902 0.4348958333333333
0 0.6775655864197531 0.3119212962962963 0.03838734567901234 0.09085648148148148 -0.00019290123456790122 -0.00028935185185185184 -0.00019290123456790122 -0.00028935185185185184 -0.00019290123456790122 -0.00028935185185185184 -0.00019290123456790122 -0.00028935185185185184 -0.00019290123456790122 -0.00028935185185185184 -0.00019290123456790122 -0.00028935185185185184
0 0.6066743827160493 0.3347800925925926 0.07291666666666667 0.21354166666666666 0.6317515432098766 0.25491898148148145 0.6296296296296297 0.3648726851851852 0.5721450617283951 0.23408564814814814 0.6168981481481481 0.3761574074074074 0.6155478395061729 0.39814814814814814 0.6180555555555556 0.4366319444444444
0 0.5773533950617284 0.2181712962962963 0.09953703703703703 0.2777777777777778 0.6236496913580247 0.08362268518518519 0.5821759259259259 0.2222222222222222 0.5297067901234568 0.11024305555555555 0.5613425925925926 0.23582175925925927 0.5628858024691358 0.26967592592592593 0.5584490740740741 0.3538773148148148
0 0.4620949074074074 0.19155092592592593 0.11284722222222222 0.27372685185185186 0.5152391975308642 0.07465277777777778 0.47260802469135804 0.1953125 0.4099151234567901 0.06105324074074074 0.4527391975308642 0.23032407407407407 0.4564043209876543 0.25462962962962965 0.45987654320987653 0.32407407407407407
0 0.4308449074074074 0.2660590277777778 0.07388117283950617 0.20052083333333334 0.41415895061728397 0.1996527777777778 0.4513888888888889 0.29224537037037035 0.39834104938271603 0.17100694444444445 0.44830246913580246 0.3090277777777778 0.4542824074074074 0.32841435185185186 0.46469907407407407 0.35648148148148145
0 0.38252314814814814 0.46976273148148145 0.033950617283950615 0.13570601851851852 0.38078703703703703 0.40422453703703703 0.3726851851851852 0.484375 0.39448302469135804 0.47193287037037035 0.3751929012345679 0.5066550925925926 0.3740354938271605 0.5176504629629629 0.37210648148148145 0.5326967592592593
0 0.6112075617283951 0.7919560185185185 0.022569444444444444 0.059027777777777776 -0.00019290123456790122 -0.00028935185185185184 -0.00019290123456790122 -0.00028935185185185184 -0.00019290123456790122 -0.00028935185185185184 -0.00019290123456790122 -0.00028935185185185184 -0.00019290123456790122 -0.00028935185185185184 -0.00019290123456790122 -0.00028935185185185184
0 0.65625 0.7491319444444444 0.048996913580246916 0.09027777777777778 0.6604938271604939 0.7065972222222222 0.6381172839506173 0.7653356481481481 0.6788194444444444 0.7303240740740741 0.6433256172839507 0.7673611111111112 0.6392746913580247 0.7771990740740741 0.6356095679012346 0.7905092592592593
0 0.5021219135802469 0.4710648148148148 0.04552469135802469 0.05960648148148148 -0.00019290123456790122 -0.00028935185185185184 -0.00019290123456790122 -0.00028935185185185184 -0.00019290123456790122 -0.00028935185185185184 -0.00019290123456790122 -0.00028935185185185184 -0.00019290123456790122 -0.00028935185185185184 -0.00019290123456790122 -0.00028935185185185184
0 0.48919753086419754 0.43041087962962965 0.031635802469135804 0.07725694444444445 -0.00019290123456790122 -0.00028935185185185184 -0.00019290123456790122 -0.00028935185185185184 -0.00019290123456790122 -0.00028935185185185184 -0.00019290123456790122 -0.00028935185185185184 -0.00019290123456790122 -0.00028935185185185184 -0.00019290123456790122 -0.00028935185185185184
