0 0.05179398148148148 0.7910879629629629 0.10088734567901235 0.41782407407407407 0.09702932098765432 0.5983796296296297 0.07947530864197531 0.9074074074074074 -0.0007716049382716049 0.8359375 0.06385030864197531 0.9004629629629629 0.07947530864197531 0.9346064814814815 0.09239969135802469 0.9910300925925926
0 0.3151041666666667 0.7673611111111112 0.14332561728395063 0.265625 -0.00019290123456790122 -0.00028935185185185184 -0.00019290123456790122 -0.00028935185185185184 -0.00019290123456790122 -0.00028935185185185184 -0.00019290123456790122 -0.00028935185185185184 -0.00019290123456790122 -0.00028935185185185184 -0.00019290123456790122 -0.00028935185185185184
0 0.17351466049382716 0.2103587962962963 0.0630787037037037 0.14872685185185186 0.15200617283950618 0.14554398148148148 0.19579475308641975 0.23350694444444445 0.14448302469135801 0.13975694444444445 0.1909722222222222 0.2439236111111111 0.19463734567901234 0.26359953703703703 0.2017746913580247 0.28153935185185186
0 0.6441936728395061 0.7243923611111112 0.17920524691358025 0.30931712962962965 0.6817129629629629 0.6773726851851852 0.5995370370370371 0.7853009259259259 0.7316743827160493 0.5743634259259259 0.6051311728395061 0.7928240740740741 0.5954861111111112 0.8185763888888888 0.5625 0.8729745370370371
0 0.9347993827160493 0.5504918981481481 0.07484567901234568 0.2416087962962963 0.9002700617283951 0.4340277777777778 0.9419367283950617 0.5283564814814815 0.9361496913580247 0.5300925925925926 0.9552469135802469 0.6032986111111112 0.9560185185185185 0.6276041666666666 0.9689429012345679 0.6669560185185185
0 0.6999421296296297 0.3570601851851852 0.10204475308641975 0.2326388888888889 0.7307098765432098 0.2800925925925926 0.7272376543209876 0.4131944444444444 0.6502700617283951 0.24710648148148148 0.7228009259259259 0.4207175925925926 0.7303240740740741 0.4351851851851852 0.748070987654321 0.4693287037037037
0 0.8720100308641975 0.20341435185185186 0.02334104938271605 0.1550925925925926 -0.00019290123456790122 -0.00028935185185185184 -0.00019290123456790122 -0.00028935185185185184 -0.00019290123456790122 -0.00028935185185185184 -0.00019290123456790122 -0.00028935185185185184 -0.00019290123456790122 -0.00028935185185185184 -0.00019290123456790122 -0.00028935185185185184
0 0.7203896604938271 0.09273726851851852 0.034915123456790126 0.1310763888888889 -0.00019290123456790122 -0.00028935185185185184 -0.00019290123456790122 -0.00028935185185185184 -0.00019290123456790122 -0.00028935185185185184 -0.00019290123456790122 -0.00028935185185185184 -0.00019290123456790122 -0.00028935185185185184 -0.00019290123456790122 -0.00028935185185185184
0 0.761766975308642 0.13642939814814814 0.03896604938271605 0.1339699074074074 0.7534722222222222 0.07349537037037036 0.7469135802469136 0.1840277777777778 0.7658179012345679 0.07841435185185185 0.7527006172839507 0.18373842592592593 0.7486496913580247 0.1941550925925926 0.7451774691358025 0.2019675925925926
0 0.3888888888888889 0.5458622685185185 0.15162037037037038 0.36255787037037035 0.31867283950617287 0.3715277777777778 0.37712191358024694 0.5865162037037037 0.4573688271604938 0.4184027777777778 0.39371141975308643 0.5891203703703703 0.3923611111111111 0.6215277777777778 0.3915895061728395 0.7233796296296297
