0 0.027295524691358024 0.4210069444444444 0.02025462962962963 0.16724537037037038 0.03298611111111111 0.40133101851851855 0.02353395061728395 0.4513888888888889 0.035493827160493825 0.3414351851851852 0.028742283950617283 0.4681712962962963 0.023148148148148147 0.4852430555555556 0.020061728395061727 0.5020254629629629
0 0.05864197530864197 0.3355034722222222 0.11728395061728394 0.2717013888888889 0.10185185185185185 0.2309027777777778 0.11053240740740741 0.34837962962962965 0.00038580246913580245 0.21585648148148148 0.10455246913580248 0.36516203703703703 0.1089891975308642 0.38310185185185186 0.10165895061728394 0.4661458333333333
0 0.2048611111111111 0.4486400462962963 0.04128086419753087 0.31047453703703703 0.20582561728395063 0.35300925925925924 0.2035108024691358 0.47019675925925924 0.21103395061728394 0.2977430555555556 0.20640432098765432 0.48032407407407407 0.2017746913580247 0.4895833333333333 0.20640432098765432 0.6015625
0 0.04764660493827161 0.6675347222222222 0.020061728395061727 0.13368055555555555 -0.00019290123456790122 -0.00028935185185185184 -0.00019290123456790122 -0.00028935185185185184 -0.00019290123456790122 -0.00028935185185185184 -0.00019290123456790122 -0.00028935185185185184 -0.00019290123456790122 -0.00028935185185185184 -0.00019290123456790122 -0.00028935185185185184
0 0.03433641975308642 0.6545138888888888 0.06018518518518518 0.1232638888888889 0.043402777777777776 0.5946180555555556 0.04301697530864197 0.6495949074074074 0.059027777777777776 0.6741898148148148 0.02546296296296296 0.6828703703703703 0.017554012345679014 0.6979166666666666 0.006751543209876543 0.7109375
0 0.021701388888888888 0.6604456018518519 0.043402777777777776 0.19936342592592593 0.029513888888888888 0.5633680555555556 0.005979938271604938 0.6594328703703703 0.038001543209876545 0.6429398148148148 0.011574074074074073 0.6877893518518519 0.017361111111111112 0.7149884259259259 0.03375771604938271 0.7543402777777778
0 0.1636766975308642 0.7332175925925926 0.02334104938271605 0.10590277777777778 0.16898148148148148 0.6840277777777778 0.16396604938271606 0.7676504629629629 0.16589506172839505 0.6996527777777778 0.16859567901234568 0.7676504629629629 0.16743827160493827 0.7740162037037037 0.16898148148148148 0.7829861111111112
0 0.1400462962962963 0.6741898148148148 0.057484567901234566 0.12210648148148148 -0.00019290123456790122 -0.00028935185185185184 -0.00019290123456790122 -0.00028935185185185184 -0.00019290123456790122 -0.00028935185185185184 -0.00019290123456790122 -0.00028935185185185184 -0.00019290123456790122 -0.00028935185185185184 -0.00019290123456790122 -0.00028935185185185184
0 0.2179783950617284 0.6870659722222222 0.08796296296296297 0.18605324074074073 0.26022376543209874 0.6006944444444444 0.19405864197530864 0.7254050925925926 0.18518518518518517 0.7401620370370371 0.18287037037037038 0.7688078703703703 0.18171296296296297 0.7740162037037037 0.18074845679012347 0.7798032407407407
0 0.23746141975308643 0.7136863425925926 0.019290123456790122 0.06510416666666667 -0.00019290123456790122 -0.00028935185185185184 -0.00019290123456790122 -0.00028935185185185184 -0.00019290123456790122 -0.00028935185185185184 -0.00019290123456790122 -0.00028935185185185184 -0.00019290123456790122 -0.00028935185185185184 -0.00019290123456790122 -0.00028935185185185184
0 0.2898341049382716 0.7572337962962963 0.029128086419753087 0.12731481481481483 0.2810570987654321 0.6964699074074074 0.3013117283950617 0.7601273148148148 0.29031635802469136 0.7552083333333334 0.29282407407407407 0.7824074074074074 0.28703703703703703 0.7922453703703703 0.2800925925925926 0.8188657407407407
0 0.37037037037037035 0.7183159722222222 0.011574074074074073 0.0720486111111111 -0.00019290123456790122 -0.00028935185185185184 -0.00019290123456790122 -0.00028935185185185184 -0.00019290123456790122 -0.00028935185185185184 -0.00019290123456790122 -0.00028935185185185184 -0.00019290123456790122 -0.00028935185185185184 -0.00019290123456790122 -0.00028935185185185184
0 0.5728202160493827 0.19502314814814814 0.13097993827160495 0.3003472222222222 0.5464891975308642 0.056712962962962965 0.527391975308642 0.20341435185185186 0.6352237654320988 0.04976851851851852 0.5320216049382716 0.21614583333333334 0.5281635802469136 0.23350694444444445 0.5090663580246914 0.34172453703703703
0 0.6490162037037037 0.33912037037037035 0.09162808641975309 0.2899305555555556 0.6547067901234568 0.2508680555555556 0.6240354938271605 0.3784722222222222 0.6660879629629629 0.20283564814814814 0.6244212962962963 0.3900462962962963 0.6143904320987654 0.41377314814814814 0.6080246913580247 0.48061342592592593
0 0.8494405864197531 0.5128761574074074 0.1402391975308642 0.2757523148148148 0.7984182098765432 0.39265046296296297 0.8076774691358025 0.6195023148148148 0.9191743827160493 0.3888888888888889 0.8192515432098766 0.5882523148148148 0.8121141975308642 0.6325231481481481 0.8034336419753086 0.6475694444444444
0 0.9143518518518519 0.8185763888888888 0.03742283950617284 0.06770833333333333 -0.00019290123456790122 -0.00028935185185185184 -0.00019290123456790122 -0.00028935185185185184 -0.00019290123456790122 -0.00028935185185185184 -0.00019290123456790122 -0.00028935185185185184 -0.00019290123456790122 -0.00028935185185185184 -0.00019290123456790122 -0.00028935185185185184
0 0.7821180555555556 0.6967592592592593 0.04070216049382716 0.12731481481481483 0.7999614197530864 0.6383101851851852 0.7689043209876543 0.7352430555555556 0.7924382716049383 0.6672453703703703 0.7731481481481481 0.7416087962962963 0.7702546296296297 0.7514467592592593 0.7698688271604939 0.7566550925925926
0 0.7485532407407407 0.7547743055555556 0.03722993827160494 0.16116898148148148 0.7368827160493827 0.6802662037037037 0.7567515432098766 0.7251157407407407 0.7413194444444444 0.7540509259259259 0.7563657407407407 0.7653356481481481 0.7532793209876543 0.7789351851851852 0.7530864197530864 0.8318865740740741
0 0.6392746913580247 0.8464988425925926 0.03125 0.09519675925925926 -0.00019290123456790122 -0.00028935185185185184 -0.00019290123456790122 -0.00028935185185185184 -0.00019290123456790122 -0.00028935185185185184 -0.00019290123456790122 -0.00028935185185185184 -0.00019290123456790122 -0.00028935185185185184 -0.00019290123456790122 -0.00028935185185185184
