0 0.15248842592592593 0.9173900462962963 0.057291666666666664 0.1646412037037037 0.15914351851851852 0.9140625 0.17785493827160495 0.9817708333333334 0.1253858024691358 0.8405671296296297 0.16956018518518517 0.9716435185185185 0.17554012345679013 0.9918981481481481 0.1753472222222222 0.9979745370370371
0 0.37625385802469136 0.7900752314814815 0.049575617283950615 0.09230324074074074 0.3533950617283951 0.7479745370370371 0.38078703703703703 0.7983217592592593 0.35802469135802467 0.7798032407407407 0.3777006172839506 0.8041087962962963 0.38290895061728397 0.8087384259259259 0.3975694444444444 0.8324652777777778
0 0.43913966049382713 0.6867766203703703 0.07966820987654322 0.22366898148148148 0.4037422839506173 0.5792824074074074 0.44598765432098764 0.7337962962962963 0.4720293209876543 0.6319444444444444 0.45852623456790126 0.7517361111111112 0.45621141975308643 0.7705439814814815 0.45949074074074076 0.7954282407407407
0 0.5458140432098766 0.5655381944444444 0.051890432098765434 0.10792824074074074 -0.00019290123456790122 -0.00028935185185185184 -0.00019290123456790122 -0.00028935185185185184 -0.00019290123456790122 -0.00028935185185185184 -0.00019290123456790122 -0.00028935185185185184 -0.00019290123456790122 -0.00028935185185185184 -0.00019290123456790122 -0.00028935185185185184
0 0.5699266975308642 0.5600405092592593 0.03568672839506173 0.17216435185185186 -0.00019290123456790122 -0.00028935185185185184 -0.00019290123456790122 -0.00028935185185185184 -0.00019290123456790122 -0.00028935185185185184 -0.00019290123456790122 -0.00028935185185185184 -0.00019290123456790122 -0.00028935185185185184 -0.00019290123456790122 -0.00028935185185185184
0 0.5726273148148148 0.28486689814814814 0.07272376543209877 0.24797453703703703 -0.00019290123456790122 -0.00028935185185185184 -0.00019290123456790122 -0.00028935185185185184 -0.00019290123456790122 -0.00028935185185185184 -0.00019290123456790122 -0.00028935185185185184 -0.00019290123456790122 -0.00028935185185185184 -0.00019290123456790122 -0.00028935185185185184
0 0.8616898148148148 0.8201678240740741 0.03125 0.08883101851851852 -0.00019290123456790122 -0.00028935185185185184 -0.00019290123456790122 -0.00028935185185185184 -0.00019290123456790122 -0.00028935185185185184 -0.00019290123456790122 -0.00028935185185185184 -0.00019290123456790122 -0.00028935185185185184 -0.00019290123456790122 -0.00028935185185185184
0 0.9404899691358025 0.7905092592592593 0.04533179012345679 0.11053240740740741 0.9293981481481481 0.7407407407407407 0.9411651234567902 0.8243634259259259 0.9606481481481481 0.8420138888888888 0.9365354938271605 0.8350694444444444 0.9297839506172839 0.8301504629629629 0.9214891975308642 0.8237847222222222
0 0.9561149691358025 0.7141203703703703 0.03298611111111111 0.09027777777777778 -0.00019290123456790122 -0.00028935185185185184 -0.00019290123456790122 -0.00028935185185185184 -0.00019290123456790122 -0.00028935185185185184 -0.00019290123456790122 -0.00028935185185185184 -0.00019290123456790122 -0.00028935185185185184 -0.00019290123456790122 -0.00028935185185185184
0 0.9763695987654321 0.7183159722222222 0.04610339506172839 0.1472800925925926 -0.00019290123456790122 -0.00028935185185185184 -0.00019290123456790122 -0.00028935185185185184 -0.00019290123456790122 -0.00028935185185185184 -0.00019290123456790122 -0.00028935185185185184 -0.00019290123456790122 -0.00028935185185185184 -0.00019290123456790122 -0.00028935185185185184
0 0.9197530864197531 0.6644965277777778 0.12384259259259259 0.3214699074074074 -0.00019290123456790122 -0.00028935185185185184 -0.00019290123456790122 -0.00028935185185185184 -0.00019290123456790122 -0.00028935185185185184 -0.00019290123456790122 -0.00028935185185185184 -0.00019290123456790122 -0.00028935185185185184 -0.00019290123456790122 -0.00028935185185185184
0 0.4384645061728395 0.4934895833333333 0.03279320987654321 0.15364583333333334 -0.00019290123456790122 -0.00028935185185185184 -0.00019290123456790122 -0.00028935185185185184 -0.00019290123456790122 -0.00028935185185185184 -0.00019290123456790122 -0.00028935185185185184 -0.00019290123456790122 -0.00028935185185185184 -0.00019290123456790122 -0.00028935185185185184
