0 0.19290123456790123 0.2679398148148148 0.07407407407407407 0.22280092592592593 0.16473765432098766 0.27054398148148145 0.19695216049382716 0.31886574074074076 0.16820987654320987 0.16203703703703703 0.203125 0.30960648148148145 0.20852623456790123 0.3324652777777778 0.22550154320987653 0.3671875
0 0.31790123456790126 0.3328993055555556 0.08024691358024691 0.28153935185185186 0.2814429012345679 0.2410300925925926 0.3107638888888889 0.37297453703703703 0.35281635802469136 0.19994212962962962 0.33101851851851855 0.38136574074074076 0.3258101851851852 0.40625 0.3315972222222222 0.45891203703703703
0 0.08680555555555555 0.6427951388888888 0.08526234567901235 0.053530092592592594 -0.00019290123456790122 -0.00028935185185185184 -0.00019290123456790122 -0.00028935185185185184 -0.00019290123456790122 -0.00028935185185185184 -0.00019290123456790122 -0.00028935185185185184 -0.00019290123456790122 -0.00028935185185185184 -0.00019290123456790122 -0.00028935185185185184
0 0.06481481481481481 0.5695891203703703 0.05632716049382716 0.09230324074074074 -0.00019290123456790122 -0.00028935185185185184 -0.00019290123456790122 -0.00028935185185185184 -0.00019290123456790122 -0.00028935185185185184 -0.00019290123456790122 -0.00028935185185185184 -0.00019290123456790122 -0.00028935185185185184 -0.00019290123456790122 -0.00028935185185185184
0 0.4184027777777778 0.47641782407407407 0.03935185185185185 0.12413194444444445 0.40142746913580246 0.42042824074074076 0.4149305555555556 0.45457175925925924 0.4241898148148148 0.47251157407407407 0.41801697530864196 0.48234953703703703 0.421875 0.4895833333333333 0.43287037037037035 0.5326967592592593
0 0.46498842592592593 0.5172164351851852 0.024112654320987654 0.0703125 -0.00019290123456790122 -0.00028935185185185184 -0.00019290123456790122 -0.00028935185185185184 -0.00019290123456790122 -0.00028935185185185184 -0.00019290123456790122 -0.00028935185185185184 -0.00019290123456790122 -0.00028935185185185184 -0.00019290123456790122 -0.00028935185185185184
0 0.4967206790123457 0.5597511574074074 0.03009259259259259 0.06510416666666667 -0.00019290123456790122 -0.00028935185185185184 -0.00019290123456790122 -0.00028935185185185184 -0.00019290123456790122 -0.00028935185185185184 -0.00019290123456790122 -0.00028935185185185184 -0.00019290123456790122 -0.00028935185185185184 -0.00019290123456790122 -0.00028935185185185184
0 0.48842592592592593 0.4664351851851852 0.10339506172839506 0.20949074074074073 0.529320987654321 0.36747685185185186 0.5279706790123457 0.4930555555555556 0.44309413580246915 0.4134837962962963 0.5111882716049383 0.5162037037037037 0.5198688271604939 0.5370370370370371 0.5241126543209876 0.5642361111111112
0 0.7268518518518519 0.4535590277777778 0.18364197530864199 0.2526041666666667 0.6763117283950617 0.5008680555555556 0.6643518518518519 0.5228587962962963 0.8148148148148148 0.32957175925925924 0.6817129629629629 0.5057870370370371 0.6637731481481481 0.5402199074074074 0.6402391975308642 0.5743634259259259
0 0.751929012345679 0.24638310185185186 0.13541666666666666 0.2873263888888889 0.7717978395061729 0.1099537037037037 0.7820216049382716 0.2821180555555556 0.689429012345679 0.2199074074074074 0.7733410493827161 0.3020833333333333 0.7854938271604939 0.32667824074074076 0.8165509259259259 0.38483796296296297
0 0.9729938271604939 0.3984375 0.05401234567901234 0.20833333333333334 0.9496527777777778 0.34085648148148145 0.9861111111111112 0.45630787037037035 0.9677854938271605 0.3012152777777778 0.9920910493827161 0.46296296296296297 0.9930555555555556 0.47193287037037035 0.9990354938271605 0.4976851851851852
0 0.39679783950617287 0.32826967592592593 0.06828703703703703 0.18431712962962962 -0.00019290123456790122 -0.00028935185185185184 -0.00019290123456790122 -0.00028935185185185184 -0.00019290123456790122 -0.00028935185185185184 -0.00019290123456790122 -0.00028935185185185184 -0.00019290123456790122 -0.00028935185185185184 -0.00019290123456790122 -0.00028935185185185184
