0 0.06655092592592593 0.22019675925925927 0.058256172839506175 0.19212962962962962 0.0943287037037037 0.13136574074074073 0.06905864197530864 0.24913194444444445 0.045717592592592594 0.2326388888888889 0.060570987654320986 0.27141203703703703 0.061535493827160496 0.28530092592592593 0.05864197530864197 0.30960648148148145
0 0.1353202160493827 0.5300925925925926 0.03375771604938271 0.06076388888888889 -0.00019290123456790122 -0.00028935185185185184 -0.00019290123456790122 -0.00028935185185185184 -0.00019290123456790122 -0.00028935185185185184 -0.00019290123456790122 -0.00028935185185185184 -0.00019290123456790122 -0.00028935185185185184 -0.00019290123456790122 -0.00028935185185185184
0 0.14400077160493827 0.45847800925925924 0.022183641975308643 0.15885416666666666 -0.00019290123456790122 -0.00028935185185185184 -0.00019290123456790122 -0.00028935185185185184 -0.00019290123456790122 -0.00028935185185185184 -0.00019290123456790122 -0.00028935185185185184 -0.00019290123456790122 -0.00028935185185185184 -0.00019290123456790122 -0.00028935185185185184
0 0.17554012345679013 0.5714699074074074 0.07253086419753087 0.24305555555555555 0.21122685185185186 0.4542824074074074 0.16782407407407407 0.5575810185185185 0.14564043209876543 0.6331018518518519 0.17708333333333334 0.6762152777777778 0.18518518518518517 0.6817129629629629 0.19020061728395063 0.6875
0 0.1492091049382716 0.6019965277777778 0.019097222222222224 0.053530092592592594 -0.00019290123456790122 -0.00028935185185185184 -0.00019290123456790122 -0.00028935185185185184 -0.00019290123456790122 -0.00028935185185185184 -0.00019290123456790122 -0.00028935185185185184 -0.00019290123456790122 -0.00028935185185185184 -0.00019290123456790122 -0.00028935185185185184
0 0.22887731481481483 0.5509259259259259 0.05806327160493827 0.3211805555555556 0.22067901234567902 0.3972800925925926 0.2052469135802469 0.5842013888888888 0.2515432098765432 0.6247106481481481 0.21277006172839505 0.6634837962962963 0.21334876543209877 0.6828703703703703 0.2173996913580247 0.7060185185185185
0 0.28231095679012347 0.4717881944444444 0.05652006172839506 0.15306712962962962 0.30864197530864196 0.3972800925925926 0.2845293209876543 0.4982638888888889 0.2673611111111111 0.4791666666666667 0.27276234567901236 0.5115740740740741 0.2700617283950617 0.5162037037037037 0.2660108024691358 0.5286458333333334
0 0.2820216049382716 0.5863715277777778 0.07908950617283951 0.3012152777777778 0.30613425925925924 0.4444444444444444 0.28858024691358025 0.5821759259259259 0.30401234567901236 0.6189236111111112 0.27565586419753085 0.6313657407407407 0.27237654320987653 0.6495949074074074 0.24575617283950618 0.7282986111111112
0 0.8325617283950617 0.6076388888888888 0.0775462962962963 0.1724537037037037 0.7984182098765432 0.5324074074074074 0.8236882716049383 0.6278935185185185 0.8578317901234568 0.5688657407407407 0.8335262345679012 0.6325231481481481 0.8381558641975309 0.6527777777777778 0.8640046296296297 0.6822916666666666
0 0.9684606481481481 0.3527199074074074 0.03838734567901234 0.11805555555555555 0.9650848765432098 0.3492476851851852 0.9592978395061729 0.3897569444444444 0.9837962962962963 0.2991898148148148 0.9646990740740741 0.3914930555555556 0.9675925925925926 0.3990162037037037 0.9737654320987654 0.40596064814814814
0 0.9123263888888888 0.13266782407407407 0.11130401234567901 0.2630208333333333 -0.00019290123456790122 -0.00028935185185185184 -0.00019290123456790122 -0.00028935185185185184 -0.00019290123456790122 -0.00028935185185185184 -0.00019290123456790122 -0.00028935185185185184 -0.00019290123456790122 -0.00028935185185185184 -0.00019290123456790122 -0.00028935185185185184
0 0.6167052469135802 0.3755787037037037 0.11496913580246913 0.3576388888888889 0.6720679012345679 0.2048611111111111 0.6103395061728395 0.3550347222222222 0.5636574074074074 0.2560763888888889 0.5873842592592593 0.38917824074074076 0.5896990740740741 0.4085648148148148 0.5983796296296297 0.5506365740740741
0 0.578125 0.45847800925925924 0.0466820987654321 0.17042824074074073 -0.00019290123456790122 -0.00028935185185185184 -0.00019290123456790122 -0.00028935185185185184 -0.00019290123456790122 -0.00028935185185185184 -0.00019290123456790122 -0.00028935185185185184 -0.00019290123456790122 -0.00028935185185185184 -0.00019290123456790122 -0.00028935185185185184
0 0.5993441358024691 0.4625289351851852 0.1415895061728395 0.34751157407407407 0.6668595679012346 0.2986111111111111 0.6037808641975309 0.4713541666666667 0.5422453703703703 0.4618055555555556 0.5844907407407407 0.5135995370370371 0.5895061728395061 0.5387731481481481 0.6033950617283951 0.6284722222222222
