0 0.08381558641975309 0.2863136574074074 0.14216820987654322 0.21788194444444445 0.013888888888888888 0.1947337962962963 0.0933641975308642 0.3151041666666667 0.15239197530864199 0.18721064814814814 0.11014660493827161 0.3130787037037037 0.11014660493827161 0.34693287037037035 0.11361882716049383 0.3900462962962963
0 0.17746913580246915 0.26707175925925924 0.025848765432098766 0.109375 0.18074845679012347 0.2193287037037037 0.18036265432098766 0.3003472222222222 0.1712962962962963 0.2589699074074074 0.18074845679012347 0.30613425925925924 0.18344907407407407 0.31452546296296297 0.18557098765432098 0.3203125
0 0.12403549382716049 0.45775462962962965 0.07175925925925926 0.109375 -0.00019290123456790122 -0.00028935185185185184 -0.00019290123456790122 -0.00028935185185185184 -0.00019290123456790122 -0.00028935185185185184 -0.00019290123456790122 -0.00028935185185185184 -0.00019290123456790122 -0.00028935185185185184 -0.00019290123456790122 -0.00028935185185185184
0 0.27478780864197533 0.4809027777777778 0.04841820987654321 0.2326388888888889 0.25308641975308643 0.4351851851851852 0.27295524691358025 0.5115740740740741 0.28587962962962965 0.38570601851851855 0.2806712962962963 0.5118634259259259 0.27739197530864196 0.5355902777777778 0.27237654320987653 0.5917245370370371
0 0.5298996913580247 0.9046585648148148 0.03009259259259259 0.19068287037037038 -0.00019290123456790122 -0.00028935185185185184 -0.00019290123456790122 -0.00028935185185185184 -0.00019290123456790122 -0.00028935185185185184 -0.00019290123456790122 -0.00028935185185185184 -0.00019290123456790122 -0.00028935185185185184 -0.00019290123456790122 -0.00028935185185185184
0 0.9772376543209876 0.3693576388888889 0.04552469135802469 0.21498842592592593 -0.00019290123456790122 -0.00028935185185185184 -0.00019290123456790122 -0.00028935185185185184 -0.00019290123456790122 -0.00028935185185185184 -0.00019290123456790122 -0.00028935185185185184 -0.00019290123456790122 -0.00028935185185185184 -0.00019290123456790122 -0.00028935185185185184
0 0.6452546296296297 0.4661458333333333 0.08873456790123457 0.2355324074074074 0.6668595679012346 0.3576388888888889 0.6857638888888888 0.5277777777777778 0.6033950617283951 0.359375 0.6801697530864198 0.5335648148148148 0.683641975308642 0.5399305555555556 0.6801697530864198 0.5755208333333334
0 0.771508487654321 0.5614872685185185 0.06385030864197531 0.2097800925925926 -0.00019290123456790122 -0.00028935185185185184 -0.00019290123456790122 -0.00028935185185185184 -0.00019290123456790122 -0.00028935185185185184 -0.00019290123456790122 -0.00028935185185185184 -0.00019290123456790122 -0.00028935185185185184 -0.00019290123456790122 -0.00028935185185185184
0 0.42399691358024694 0.48292824074074076 0.15779320987654322 0.25983796296296297 0.4998070987654321 0.36082175925925924 0.45621141975308643 0.5570023148148148 0.3481867283950617 0.42679398148148145 0.4340277777777778 0.5593171296296297 0.4324845679012346 0.5833333333333334 0.4112654320987654 0.6076388888888888
0 0.41965663580246915 0.3719618055555556 0.04610339506172839 0.09519675925925926 -0.00019290123456790122 -0.00028935185185185184 -0.00019290123456790122 -0.00028935185185185184 -0.00019290123456790122 -0.00028935185185185184 -0.00019290123456790122 -0.00028935185185185184 -0.00019290123456790122 -0.00028935185185185184 -0.00019290123456790122 -0.00028935185185185184
0 0.34673996913580246 0.2517361111111111 0.08622685185185185 0.20081018518518517 0.38078703703703703 0.15393518518518517 0.3753858024691358 0.28877314814814814 0.30613425925925924 0.1808449074074074 0.3690200617283951 0.29398148148148145 0.3740354938271605 0.3177083333333333 0.38522376543209874 0.35011574074074076
0 0.33719135802469136 0.7751736111111112 0.059027777777777776 0.2309027777777778 -0.00019290123456790122 -0.00028935185185185184 -0.00019290123456790122 -0.00028935185185185184 -0.00019290123456790122 -0.00028935185185185184 -0.00019290123456790122 -0.00028935185185185184 -0.00019290123456790122 -0.00028935185185185184 -0.00019290123456790122 -0.00028935185185185184
