0 0.059799382716049385 0.09895833333333333 0.060570987654320986 0.19675925925925927 0.03414351851851852 0.0028935185185185184 0.049575617283950615 0.041666666666666664 0.07214506172839506 0.00318287037037037 0.06963734567901235 0.07233796296296297 0.07253086419753087 0.08304398148148148 0.07253086419753087 0.18981481481481483
0 0.1349344135802469 0.08087384259259259 0.07581018518518519 0.16174768518518517 0.09992283950617284 0.003761574074074074 0.11496913580246913 0.06481481481481481 0.14737654320987653 0.0023148148148148147 0.1263503086419753 0.07118055555555555 0.125 0.09056712962962964 0.13001543209876543 0.15625
0 0.07725694444444445 0.12037037037037036 0.10628858024691358 0.1284722222222222 0.048032407407407406 0.08217592592592593 0.11439043209876543 0.14554398148148148 0.02700617283950617 0.06163194444444445 0.11033950617283951 0.15364583333333334 0.11747685185185185 0.1657986111111111 0.1284722222222222 0.18258101851851852
0 0.1787229938271605 0.37702546296296297 0.045717592592592594 0.109375 0.16087962962962962 0.3263888888888889 0.19328703703703703 0.39351851851851855 0.15895061728395063 0.3449074074074074 0.19579475308641975 0.4097222222222222 0.19772376543209877 0.4201388888888889 0.19888117283950618 0.42939814814814814
0 0.25385802469135804 0.2730034722222222 0.055169753086419755 0.20052083333333334 0.24517746913580246 0.17708333333333334 0.26948302469135804 0.30005787037037035 0.23900462962962962 0.31278935185185186 0.27044753086419754 0.3298611111111111 0.27179783950617287 0.3472222222222222 0.27044753086419754 0.36747685185185186
0 0.3584104938271605 0.40870949074074076 0.06674382716049383 0.12702546296296297 0.3298611111111111 0.3616898148148148 0.3753858024691358 0.45341435185185186 0.35050154320987653 0.3541666666666667 0.3777006172839506 0.4470486111111111 0.3861882716049383 0.4609375 0.3898533950617284 0.4704861111111111
0 0.4184992283950617 0.8582175925925926 0.03684413580246913 0.16666666666666666 0.42824074074074076 0.7905092592592593 0.41203703703703703 0.9004629629629629 0.43267746913580246 0.7815393518518519 0.4201388888888889 0.8995949074074074 0.4201388888888889 0.9123263888888888 0.41898148148148145 0.9377893518518519
0 0.5109953703703703 0.7025462962962963 0.05864197530864197 0.16319444444444445 0.49324845679012347 0.625 0.4996141975308642 0.7225115740740741 0.5237268518518519 0.7780671296296297 0.5044367283950617 0.7375578703703703 0.4967206790123457 0.7375578703703703 0.49363425925925924 0.7465277777777778
0 0.6021412037037037 0.29311342592592593 0.10821759259259259 0.3570601851851852 0.581983024691358 0.2065972222222222 0.6342592592592593 0.37355324074074076 0.5530478395061729 0.12644675925925927 0.6307870370370371 0.3871527777777778 0.6381172839506173 0.40596064814814814 0.6541280864197531 0.46412037037037035
0 0.9047067901234568 0.84375 0.19058641975308643 0.19386574074074073 0.9978780864197531 0.8171296296296297 0.9905478395061729 0.9175347222222222 0.8136574074074074 0.7552083333333334 0.9714506172839507 0.9091435185185185 0.9749228395061729 0.9270833333333334 0.9535108024691358 0.9311342592592593
