0 0.02980324074074074 0.8680555555555556 0.05960648148148148 0.25925925925925924 0.0 0.7795138888888888 0.01986882716049383 0.8634259259259259 0.03722993827160494 0.7433449074074074 0.02546296296296296 0.8938078703703703 0.022762345679012346 0.9131944444444444 0.004629629629629629 0.9910300925925926
0 0.010320216049382717 0.875 0.020640432098765434 0.050347222222222224 -0.00019290123456790122 -0.00028935185185185184 -0.00019290123456790122 -0.00028935185185185184 -0.00019290123456790122 -0.00028935185185185184 -0.00019290123456790122 -0.00028935185185185184 -0.00019290123456790122 -0.00028935185185185184 -0.00019290123456790122 -0.00028935185185185184
0 0.14621913580246915 0.7680844907407407 0.0775462962962963 0.1362847222222222 -0.00019290123456790122 -0.00028935185185185184 -0.00019290123456790122 -0.00028935185185185184 -0.00019290123456790122 -0.00028935185185185184 -0.00019290123456790122 -0.00028935185185185184 -0.00019290123456790122 -0.00028935185185185184 -0.00019290123456790122 -0.00028935185185185184
0 0.3304398148148148 0.12239583333333333 0.1099537037037037 0.19733796296296297 0.326195987654321 0.025752314814814815 0.3551311728395062 0.1310763888888889 0.27835648148148145 0.06915509259259259 0.34587191358024694 0.14872685185185186 0.3559027777777778 0.1730324074074074 0.38117283950617287 0.21556712962962962
0 0.48910108024691357 0.17274305555555555 0.02797067901234568 0.12962962962962962 0.49170524691358025 0.11313657407407407 0.4895833333333333 0.16174768518518517 0.4847608024691358 0.17042824074074073 0.4930555555555556 0.2120949074074074 0.4930555555555556 0.2175925925925926 0.49344135802469136 0.23177083333333334
0 0.6637731481481481 0.07841435185185185 0.034722222222222224 0.05555555555555555 -0.00019290123456790122 -0.00028935185185185184 -0.00019290123456790122 -0.00028935185185185184 -0.00019290123456790122 -0.00028935185185185184 -0.00019290123456790122 -0.00028935185185185184 -0.00019290123456790122 -0.00028935185185185184 -0.00019290123456790122 -0.00028935185185185184
0 0.9248649691358025 0.054253472222222224 0.042631172839506175 0.10792824074074074 0.9176311728395061 0.0028935185185185184 0.9147376543209876 0.04311342592592592 0.939429012345679 0.0026041666666666665 0.9241898148148148 0.04658564814814815 0.9214891975308642 0.06278935185185185 0.9095293209876543 0.10503472222222222
0 0.8165509259259259 0.30396412037037035 0.06828703703703703 0.06684027777777778 -0.00019290123456790122 -0.00028935185185185184 -0.00019290123456790122 -0.00028935185185185184 -0.00019290123456790122 -0.00028935185185185184 -0.00019290123456790122 -0.00028935185185185184 -0.00019290123456790122 -0.00028935185185185184 -0.00019290123456790122 -0.00028935185185185184
0 0.7451774691358025 0.34620949074074076 0.05787037037037037 0.08940972222222222 -0.00019290123456790122 -0.00028935185185185184 -0.00019290123456790122 -0.00028935185185185184 -0.00019290123456790122 -0.00028935185185185184 -0.00019290123456790122 -0.00028935185185185184 -0.00019290123456790122 -0.00028935185185185184 -0.00019290123456790122 -0.00028935185185185184
0 0.7764274691358025 0.7880497685185185 0.040123456790123455 0.20052083333333334 -0.00019290123456790122 -0.00028935185185185184 -0.00019290123456790122 -0.00028935185185185184 -0.00019290123456790122 -0.00028935185185185184 -0.00019290123456790122 -0.00028935185185185184 -0.00019290123456790122 -0.00028935185185185184 -0.00019290123456790122 -0.00028935185185185184
0 0.2986111111111111 0.9592013888888888 0.11072530864197531 0.08159722222222222 0.2465277777777778 0.9253472222222222 0.30324074074074076 0.9713541666666666 0.32272376543209874 0.9994212962962963 0.31732253086419754 0.9814814814814815 0.3263888888888889 0.9690393518518519 0.345679012345679 0.9632523148148148
0 0.3800154320987654 0.8848379629629629 0.08294753086419752 0.23032407407407407 -0.00019290123456790122 -0.00028935185185185184 -0.00019290123456790122 -0.00028935185185185184 -0.00019290123456790122 -0.00028935185185185184 -0.00019290123456790122 -0.00028935185185185184 -0.00019290123456790122 -0.00028935185185185184 -0.00019290123456790122 -0.00028935185185185184
0 0.5844907407407407 0.7864583333333334 0.05092592592592592 0.35648148148148145 0.5833333333333334 0.7569444444444444 0.5709876543209876 0.8796296296296297 0.6082175925925926 0.6189236111111112 0.5802469135802469 0.8828125 0.5783179012345679 0.9027777777777778 0.5817901234567902 0.9580439814814815
0 0.5815972222222222 0.5066550925925926 0.04089506172839506 0.16550925925925927 -0.00019290123456790122 -0.00028935185185185184 -0.00019290123456790122 -0.00028935185185185184 -0.00019290123456790122 -0.00028935185185185184 -0.00019290123456790122 -0.00028935185185185184 -0.00019290123456790122 -0.00028935185185185184 -0.00019290123456790122 -0.00028935185185185184
0 0.41550925925925924 0.4464699074074074 0.18248456790123457 0.5167824074074074 0.4868827160493827 0.19733796296296297 0.47511574074074076 0.48900462962962965 0.3304398148148148 0.20399305555555555 0.4627700617283951 0.5364583333333334 0.4714506172839506 0.5708912037037037 0.49691358024691357 0.6750578703703703
0 0.5069444444444444 0.546875 0.09452160493827161 0.2690972222222222 0.4820601851851852 0.5593171296296297 0.46315586419753085 0.6238425925925926 0.5486111111111112 0.4175347222222222 0.4722222222222222 0.6096643518518519 0.4704861111111111 0.6374421296296297 0.47530864197530864 0.6756365740740741
