0 0.7682291666666666 0.8813657407407407 0.19695216049382716 0.23726851851851852 0.8634259259259259 0.7659143518518519 0.7598379629629629 0.9001736111111112 0.6726466049382716 0.8434606481481481 0.7393904320987654 0.9403935185185185 0.7469135802469136 0.9534143518518519 0.7577160493827161 0.9982638888888888
0 0.6469907407407407 0.2847222222222222 0.062114197530864196 0.3119212962962963 0.6217206790123457 0.13657407407407407 0.6242283950617284 0.32320601851851855 0.6610725308641975 0.33015046296296297 0.6346450617283951 0.35734953703703703 0.636766975308642 0.37991898148148145 0.6496913580246914 0.43721064814814814
0 0.5348186728395061 0.3832465277777778 0.08275462962962964 0.2630208333333333 0.5733024691358025 0.2566550925925926 0.5306712962962963 0.42216435185185186 0.49440586419753085 0.3645833333333333 0.5165895061728395 0.43605324074074076 0.5160108024691358 0.45775462962962965 0.5048225308641975 0.5115740740740741
0 0.4912229938271605 0.7563657407407407 0.02141203703703704 0.109375 0.4859182098765432 0.7037037037037037 0.4837962962962963 0.7934027777777778 0.49864969135802467 0.7905092592592593 0.4870756172839506 0.7965856481481481 0.4847608024691358 0.8058449074074074 0.4845679012345679 0.8107638888888888
0 0.4637345679012346 0.8340567129629629 0.043209876543209874 0.12702546296296297 0.47627314814814814 0.7841435185185185 0.4729938271604938 0.7763310185185185 0.47087191358024694 0.7867476851851852 0.4627700617283951 0.8423032407407407 0.45717592592592593 0.8599537037037037 0.44926697530864196 0.8949652777777778
0 0.5287422839506173 0.7275752314814815 0.07908950617283951 0.17737268518518517 0.5445601851851852 0.6895254629629629 0.5098379629629629 0.7641782407407407 0.566358024691358 0.6414930555555556 0.5169753086419753 0.7583912037037037 0.5102237654320988 0.7763310185185185 0.49189814814814814 0.8153935185185185
0 0.39197530864197533 0.5203993055555556 0.048996913580246916 0.21788194444444445 0.4087577160493827 0.4453125 0.40065586419753085 0.48842592592592593 0.36921296296296297 0.4140625 0.40489969135802467 0.5451388888888888 0.40412808641975306 0.5651041666666666 0.41377314814814814 0.6252893518518519
0 0.29542824074074076 0.4127604166666667 0.05150462962962963 0.2300347222222222 0.3161651234567901 0.29976851851851855 0.2962962962962963 0.4019097222222222 0.294945987654321 0.41898148148148145 0.2941743827160494 0.4097222222222222 0.2899305555555556 0.44155092592592593 0.2957175925925926 0.5257523148148148
0 0.18479938271604937 0.4888599537037037 0.05092592592592592 0.11950231481481481 0.16724537037037038 0.43258101851851855 0.17978395061728394 0.4855324074074074 0.18036265432098766 0.5046296296296297 0.1705246913580247 0.5147569444444444 0.16878858024691357 0.5231481481481481 0.16435185185185186 0.5451388888888888
0 0.1413966049382716 0.4600694444444444 0.06712962962962964 0.21006944444444445 0.16415895061728394 0.35648148148148145 0.1537422839506173 0.4861111111111111 0.12017746913580248 0.4878472222222222 0.16068672839506173 0.5324074074074074 0.16994598765432098 0.5500578703703703 0.1726466049382716 0.5616319444444444
0 0.4017168209876543 0.24985532407407407 0.07581018518518519 0.15885416666666666 0.36477623456790126 0.17216435185185186 0.41165123456790126 0.26359953703703703 0.4378858024691358 0.1863425925925926 0.41878858024691357 0.2708333333333333 0.41203703703703703 0.28587962962962965 0.39448302469135804 0.3275462962962963
0 0.5519868827160493 0.057291666666666664 0.042631172839506175 0.11458333333333333 0.5345293209876543 0.002025462962962963 0.5372299382716049 0.03501157407407408 0.5623070987654321 0.0014467592592592592 0.546875 0.041087962962962965 0.5418595679012346 0.06076388888888889 0.5360725308641975 0.1099537037037037
0 0.25405092592592593 0.25795717592592593 0.08719135802469136 0.15306712962962962 0.21199845679012347 0.24016203703703703 0.23630401234567902 0.2986111111111111 0.2961033950617284 0.18489583333333334 0.24189814814814814 0.2945601851851852 0.23765432098765432 0.3133680555555556 0.2341820987654321 0.33275462962962965
0 0.4168595679012346 0.8962673611111112 0.061342592592592594 0.2074652777777778 -0.00019290123456790122 -0.00028935185185185184 -0.00019290123456790122 -0.00028935185185185184 -0.00019290123456790122 -0.00028935185185185184 -0.00019290123456790122 -0.00028935185185185184 -0.00019290123456790122 -0.00028935185185185184 -0.00019290123456790122 -0.00028935185185185184
0 0.5865162037037037 0.9030671296296297 0.08661265432098765 0.1886574074074074 0.5844907407407407 0.8483796296296297 0.558641975308642 0.9644097222222222 0.6282793209876543 0.8133680555555556 0.5640432098765432 0.9762731481481481 0.5503472222222222 0.9930555555555556 0.5470679012345679 0.9968171296296297
0 0.4182098765432099 0.7294560185185185 0.019290123456790122 0.07002314814814815 0.4203317901234568 0.7005208333333334 0.4168595679012346 0.7471064814814815 0.4216820987654321 0.6984953703703703 0.41975308641975306 0.7502893518518519 0.4182098765432099 0.7531828703703703 0.4195601851851852 0.7607060185185185
