0 0.08690200617283951 0.30107060185185186 0.03260030864197531 0.21383101851851852 0.08757716049382716 0.296875 0.08314043209876543 0.34866898148148145 0.07716049382716049 0.20341435185185186 0.08738425925925926 0.3504050925925926 0.08352623456790123 0.3559027777777778 0.08314043209876543 0.40335648148148145
0 0.026813271604938273 0.5996817129629629 0.03356481481481482 0.12297453703703703 0.013503086419753086 0.5645254629629629 0.021219135802469136 0.6186342592592593 0.04128086419753087 0.5425347222222222 0.02642746913580247 0.6154513888888888 0.02488425925925926 0.6261574074074074 0.029513888888888888 0.6568287037037037
0 0.2418016975308642 0.8903356481481481 0.10706018518518519 0.16261574074074073 0.2932098765432099 0.8153935185185185 0.279320987654321 0.9016203703703703 0.19077932098765432 0.8252314814814815 0.2725694444444444 0.9105902777777778 0.2787422839506173 0.9160879629629629 0.279320987654321 0.9673032407407407
0 0.24247685185185186 0.22106481481481483 0.060570987654320986 0.1753472222222222 0.263695987654321 0.13657407407407407 0.2667824074074074 0.21903935185185186 0.2179783950617284 0.3046875 0.263695987654321 0.234375 0.2631172839506173 0.25 0.25906635802469136 0.3046875
0 0.7116126543209876 0.20326967592592593 0.08912037037037036 0.11950231481481481 0.6784336419753086 0.14583333333333334 0.6778549382716049 0.22135416666666666 0.7540509259259259 0.15538194444444445 0.6875 0.2222222222222222 0.6784336419753086 0.2378472222222222 0.6691743827160493 0.2586805555555556
0 0.5459104938271605 0.3347800925925926 0.04822530864197531 0.11979166666666667 0.5582561728395061 0.31626157407407407 0.5675154320987654 0.36747685185185186 0.5237268518518519 0.2769097222222222 0.5628858024691358 0.3695023148148148 0.5607638888888888 0.38078703703703703 0.560570987654321 0.3923611111111111
0 0.8714313271604939 0.8255208333333334 0.06616512345679013 0.1076388888888889 0.8655478395061729 0.7740162037037037 0.8449074074074074 0.8379629629629629 0.9018132716049383 0.8492476851851852 0.8495370370370371 0.8504050925925926 0.8464506172839507 0.8596643518518519 0.8412422839506173 0.8773148148148148
0 0.9298804012345679 0.6135706018518519 0.08661265432098765 0.11371527777777778 0.8939043209876543 0.5598958333333334 0.9004629629629629 0.6183449074074074 0.9708719135802469 0.6660879629629629 0.9041280864197531 0.6333912037037037 0.8962191358024691 0.6385995370370371 0.8881172839506173 0.6550925925925926
0 0.8611111111111112 0.7955729166666666 0.04089506172839506 0.1166087962962963 0.8790509259259259 0.7398726851851852 0.8719135802469136 0.7991898148148148 0.8423996913580247 0.7948495370370371 0.8680555555555556 0.8206018518518519 0.8678626543209876 0.8310185185185185 0.8678626543209876 0.8512731481481481
0 0.9826388888888888 0.7825520833333334 0.034722222222222224 0.08825231481481481 0.9830246913580247 0.7395833333333334 0.9760802469135802 0.7858796296296297 0.9990354938271605 0.8255208333333334 0.9716435185185185 0.7960069444444444 0.972608024691358 0.8113425925925926 0.9664351851851852 0.8226273148148148
