0 0.041763117283950615 0.1015625 0.08352623456790123 0.203125 0.0011574074074074073 0.0787037037037037 0.057291666666666664 0.1568287037037037 0.05439814814814815 0.0011574074074074073 0.06577932098765432 0.14438657407407407 0.07600308641975309 0.18055555555555555 0.07619598765432099 0.1987847222222222
0 0.12770061728395063 0.47945601851851855 0.04359567901234568 0.08912037037037036 -0.00019290123456790122 -0.00028935185185185184 -0.00019290123456790122 -0.00028935185185185184 -0.00019290123456790122 -0.00028935185185185184 -0.00019290123456790122 -0.00028935185185185184 -0.00019290123456790122 -0.00028935185185185184 -0.00019290123456790122 -0.00028935185185185184
0 0.07937885802469136 0.5279224537037037 0.023726851851851853 0.05758101851851852 -0.00019290123456790122 -0.00028935185185185184 -0.00019290123456790122 -0.00028935185185185184 -0.00019290123456790122 -0.00028935185185185184 -0.00019290123456790122 -0.00028935185185185184 -0.00019290123456790122 -0.00028935185185185184 -0.00019290123456790122 -0.00028935185185185184
0 0.2279128086419753 0.5953414351851852 0.02334104938271605 0.09230324074074074 -0.00019290123456790122 -0.00028935185185185184 -0.00019290123456790122 -0.00028935185185185184 -0.00019290123456790122 -0.00028935185185185184 -0.00019290123456790122 -0.00028935185185185184 -0.00019290123456790122 -0.00028935185185185184 -0.00019290123456790122 -0.00028935185185185184
0 0.5152391975308642 0.7728587962962963 0.062114197530864196 0.3148148148148148 -0.00019290123456790122 -0.00028935185185185184 -0.00019290123456790122 -0.00028935185185185184 -0.00019290123456790122 -0.00028935185185185184 -0.00019290123456790122 -0.00028935185185185184 -0.00019290123456790122 -0.00028935185185185184 -0.00019290123456790122 -0.00028935185185185184
0 0.3601466049382716 0.5982349537037037 0.1076388888888889 0.3382523148148148 0.3090277777777778 0.47337962962962965 0.35030864197530864 0.6487268518518519 0.41184413580246915 0.4398148148148148 0.3699845679012346 0.6594328703703703 0.3690200617283951 0.6814236111111112 0.3533950617283951 0.7612847222222222
0 0.3755787037037037 0.52734375 0.06597222222222222 0.17158564814814814 -0.00019290123456790122 -0.00028935185185185184 -0.00019290123456790122 -0.00028935185185185184 -0.00019290123456790122 -0.00028935185185185184 -0.00019290123456790122 -0.00028935185185185184 -0.00019290123456790122 -0.00028935185185185184 -0.00019290123456790122 -0.00028935185185185184
0 0.3597608024691358 0.4210069444444444 0.04398148148148148 0.05787037037037037 -0.00019290123456790122 -0.00028935185185185184 -0.00019290123456790122 -0.00028935185185185184 -0.00019290123456790122 -0.00028935185185185184 -0.00019290123456790122 -0.00028935185185185184 -0.00019290123456790122 -0.00028935185185185184 -0.00019290123456790122 -0.00028935185185185184
0 0.7255015432098766 0.6710069444444444 0.1574074074074074 0.1550925925925926 0.6473765432098766 0.5989583333333334 0.6990740740740741 0.6843171296296297 0.8005401234567902 0.7074652777777778 0.7006172839506173 0.7013888888888888 0.6907793209876543 0.7097800925925926 0.6711033950617284 0.7447916666666666
0 0.2261766975308642 0.2779224537037037 0.21585648148148148 0.46498842592592593 0.12191358024691358 0.06770833333333333 0.25752314814814814 0.3038194444444444 0.30613425925925924 0.05005787037037037 0.29475308641975306 0.3463541666666667 0.2972608024691358 0.38136574074074076 0.3304398148148148 0.5040509259259259
