0 0.14486882716049382 0.4171006944444444 0.19830246913580246 0.24797453703703703 0.1873070987654321 0.29890046296296297 0.19695216049382716 0.42679398148148145 0.04861111111111111 0.2977430555555556 0.19309413580246915 0.4548611111111111 0.20679012345679013 0.4800347222222222 0.24131944444444445 0.5355902777777778
0 0.2482638888888889 0.42997685185185186 0.11226851851851852 0.3912037037037037 0.2195216049382716 0.2630208333333333 0.2856867283950617 0.4664351851851852 0.2044753086419753 0.2427662037037037 0.27584876543209874 0.5135995370370371 0.2862654320987654 0.5480324074074074 0.3001543209876543 0.6163194444444444
0 0.36766975308641975 0.44936342592592593 0.04436728395061729 0.24074074074074073 0.373070987654321 0.3336226851851852 0.34857253086419754 0.453125 0.38059413580246915 0.3460648148148148 0.3616898148148148 0.4678819444444444 0.3595679012345679 0.4939236111111111 0.35088734567901236 0.5662615740740741
0 0.3854166666666667 0.5604745370370371 0.06558641975308642 0.14467592592592593 0.37905092592592593 0.5350115740740741 0.3663194444444444 0.5766782407407407 0.41628086419753085 0.5017361111111112 0.3757716049382716 0.5824652777777778 0.3753858024691358 0.5998263888888888 0.3775077160493827 0.6281828703703703
0 0.47357253086419754 0.5860821759259259 0.02970679012345679 0.19299768518518517 -0.00019290123456790122 -0.00028935185185185184 -0.00019290123456790122 -0.00028935185185185184 -0.00019290123456790122 -0.00028935185185185184 -0.00019290123456790122 -0.00028935185185185184 -0.00019290123456790122 -0.00028935185185185184 -0.00019290123456790122 -0.00028935185185185184
0 0.6721643518518519 0.3485243055555556 0.046875 0.2115162037037037 0.6548996913580247 0.3414351851851852 0.6707175925925926 0.3932291666666667 0.6670524691358025 0.25028935185185186 0.675733024691358 0.3862847222222222 0.6790123456790124 0.4039351851851852 0.6915509259259259 0.44994212962962965
0 0.8540702160493827 0.43344907407407407 0.078125 0.24710648148148148 0.8184799382716049 0.33969907407407407 0.8258101851851852 0.4722222222222222 0.8892746913580247 0.31655092592592593 0.8373842592592593 0.48148148148148145 0.8344907407407407 0.5020254629629629 0.826195987654321 0.5523726851851852
0 0.9032600308641975 0.5846354166666666 0.031828703703703706 0.12355324074074074 0.8917824074074074 0.5280671296296297 0.8950617283950617 0.5766782407407407 0.9122299382716049 0.5801504629629629 0.8966049382716049 0.5923032407407407 0.8983410493827161 0.6018518518518519 0.9002700617283951 0.6426504629629629
0 0.935570987654321 0.6319444444444444 0.03125 0.07002314814814815 -0.00019290123456790122 -0.00028935185185185184 -0.00019290123456790122 -0.00028935185185185184 -0.00019290123456790122 -0.00028935185185185184 -0.00019290123456790122 -0.00028935185185185184 -0.00019290123456790122 -0.00028935185185185184 -0.00019290123456790122 -0.00028935185185185184
0 0.5924961419753086 0.6879340277777778 0.078125 0.04716435185185185 -0.00019290123456790122 -0.00028935185185185184 -0.00019290123456790122 -0.00028935185185185184 -0.00019290123456790122 -0.00028935185185185184 -0.00019290123456790122 -0.00028935185185185184 -0.00019290123456790122 -0.00028935185185185184 -0.00019290123456790122 -0.00028935185185185184
