0 0.5112847222222222 0.5636574074074074 0.0642361111111111 0.32349537037037035 0.5300925925925926 0.6180555555555556 0.5380015432098766 0.6498842592592593 0.48302469135802467 0.4071180555555556 0.5314429012345679 0.640625 0.5337577160493827 0.6626157407407407 0.5326003086419753 0.7213541666666666
0 0.3273533950617284 0.5747974537037037 0.16705246913580246 0.42158564814814814 0.38503086419753085 0.3929398148148148 0.3643904320987654 0.5604745370370371 0.2488425925925926 0.37644675925925924 0.3601466049382716 0.6241319444444444 0.36940586419753085 0.6559606481481481 0.40625 0.7809606481481481
0 0.024402006172839507 0.16594328703703703 0.04764660493827161 0.1177662037037037 -0.00019290123456790122 -0.00028935185185185184 -0.00019290123456790122 -0.00028935185185185184 -0.00019290123456790122 -0.00028935185185185184 -0.00019290123456790122 -0.00028935185185185184 -0.00019290123456790122 -0.00028935185185185184 -0.00019290123456790122 -0.00028935185185185184
0 0.03462577160493827 0.24377893518518517 0.05536265432098766 0.14612268518518517 0.05922067901234568 0.1753472222222222 0.052662037037037035 0.2711226851851852 0.008294753086419753 0.2633101851851852 0.04610339506172839 0.2821180555555556 0.05497685185185185 0.2907986111111111 0.05922067901234568 0.31047453703703703
0 0.06076388888888889 0.7449363425925926 0.06404320987654322 0.12586805555555555 -0.00019290123456790122 -0.00028935185185185184 -0.00019290123456790122 -0.00028935185185185184 -0.00019290123456790122 -0.00028935185185185184 -0.00019290123456790122 -0.00028935185185185184 -0.00019290123456790122 -0.00028935185185185184 -0.00019290123456790122 -0.00028935185185185184
0 0.39448302469135804 0.1824363425925926 0.2658179012345679 0.2601273148148148 0.3211805555555556 0.05873842592592592 0.30536265432098764 0.17939814814814814 0.5202546296296297 0.30497685185185186 0.32253086419753085 0.18605324074074073 0.2957175925925926 0.1941550925925926 0.2644675925925926 0.2416087962962963
0 0.6354166666666666 0.8379629629629629 0.02546296296296296 0.08101851851851852 0.6421682098765432 0.8006365740740741 0.6412037037037037 0.8252314814814815 0.6454475308641975 0.8310185185185185 0.6294367283950617 0.8547453703703703 0.6284722222222222 0.8645833333333334 0.6255787037037037 0.8761574074074074
0 0.6385995370370371 0.6096643518518519 0.09162808641975309 0.2829861111111111 0.6060956790123457 0.47251157407407407 0.6201774691358025 0.6426504629629629 0.6778549382716049 0.5269097222222222 0.6282793209876543 0.6733217592592593 0.6226851851851852 0.6837384259259259 0.5960648148148148 0.7482638888888888
0 0.8110532407407407 0.5305266203703703 0.024498456790123458 0.1779513888888889 0.8117283950617284 0.5190972222222222 0.8103780864197531 0.5801504629629629 0.8177083333333334 0.4453125 0.814429012345679 0.5760995370370371 0.8119212962962963 0.5862268518518519 0.8096064814814815 0.6171875
0 0.9118441358024691 0.5458622685185185 0.024691358024691357 0.08130787037037036 0.902391975308642 0.5086805555555556 0.9172453703703703 0.5402199074074074 0.9091435185185185 0.5491898148148148 0.9172453703703703 0.5561342592592593 0.9153163580246914 0.5601851851851852 0.9126157407407407 0.5836226851851852
0 0.9402006172839507 0.5243055555555556 0.018518518518518517 0.0943287037037037 0.9405864197530864 0.47945601851851855 0.9440586419753086 0.5355902777777778 0.9425154320987654 0.5393518518518519 0.9365354938271605 0.5578703703703703 0.9346064814814815 0.5619212962962963 0.9326774691358025 0.5665509259259259
0 0.42505787037037035 0.9320023148148148 0.017939814814814815 0.08738425925925926 -0.00019290123456790122 -0.00028935185185185184 -0.00019290123456790122 -0.00028935185185185184 -0.00019290123456790122 -0.00028935185185185184 -0.00019290123456790122 -0.00028935185185185184 -0.00019290123456790122 -0.00028935185185185184 -0.00019290123456790122 -0.00028935185185185184
0 0.3994020061728395 0.9220196759259259 0.01832561728395062 0.044270833333333336 -0.00019290123456790122 -0.00028935185185185184 -0.00019290123456790122 -0.00028935185185185184 -0.00019290123456790122 -0.00028935185185185184 -0.00019290123456790122 -0.00028935185185185184 -0.00019290123456790122 -0.00028935185185185184 -0.00019290123456790122 -0.00028935185185185184
0 0.40142746913580246 0.9638310185185185 0.018132716049382717 0.07233796296296297 -0.00019290123456790122 -0.00028935185185185184 -0.00019290123456790122 -0.00028935185185185184 -0.00019290123456790122 -0.00028935185185185184 -0.00019290123456790122 -0.00028935185185185184 -0.00019290123456790122 -0.00028935185185185184 -0.00019290123456790122 -0.00028935185185185184
