0 0.5141782407407407 0.30324074074074076 0.061921296296296294 0.17939814814814814 0.5011574074074074 0.25983796296296297 0.4861111111111111 0.3385416666666667 0.5426311728395061 0.21730324074074073 0.49363425925925924 0.34346064814814814 0.49189814814814814 0.35358796296296297 0.4878472222222222 0.3871527777777778
0 0.7362075617283951 0.9189814814814815 0.0931712962962963 0.15856481481481483 -0.00019290123456790122 -0.00028935185185185184 -0.00019290123456790122 -0.00028935185185185184 -0.00019290123456790122 -0.00028935185185185184 -0.00019290123456790122 -0.00028935185185185184 -0.00019290123456790122 -0.00028935185185185184 -0.00019290123456790122 -0.00028935185185185184
0 0.7029320987654321 0.6432291666666666 0.07561728395061729 0.10243055555555555 0.7289737654320988 0.5949074074074074 0.7374614197530864 0.6568287037037037 0.6682098765432098 0.6380208333333334 0.730516975308642 0.6571180555555556 0.7307098765432098 0.6727430555555556 0.7258873456790124 0.6895254629629629
0 0.09172453703703703 0.058015046296296294 0.03260030864197531 0.11429398148148148 0.10030864197530864 0.004050925925925926 0.08468364197530864 0.07552083333333333 0.10262345679012345 0.0026041666666666665 0.08719135802469136 0.08015046296296297 0.08410493827160494 0.08391203703703703 0.08140432098765432 0.10850694444444445
0 0.19618055555555555 0.5788483796296297 0.04050925925925926 0.15075231481481483 0.18016975308641975 0.5691550925925926 0.18016975308641975 0.6252893518518519 0.20852623456790123 0.5066550925925926 0.18344907407407407 0.6261574074074074 0.18094135802469136 0.6339699074074074 0.18190586419753085 0.6516203703703703
0 0.3157793209876543 0.8645833333333334 0.25848765432098764 0.2708333333333333 0.18942901234567902 0.8084490740740741 0.25675154320987653 0.9447337962962963 0.43962191358024694 0.7346643518518519 0.2760416666666667 0.9615162037037037 0.265625 0.9904513888888888 0.2646604938271605 0.9982638888888888
0 0.9434799382716049 0.7866030092592593 0.02854938271604938 0.1316550925925926 -0.00019290123456790122 -0.00028935185185185184 -0.00019290123456790122 -0.00028935185185185184 -0.00019290123456790122 -0.00028935185185185184 -0.00019290123456790122 -0.00028935185185185184 -0.00019290123456790122 -0.00028935185185185184 -0.00019290123456790122 -0.00028935185185185184
0 0.8405671296296297 0.46846064814814814 0.05497685185185185 0.048032407407407406 -0.00019290123456790122 -0.00028935185185185184 -0.00019290123456790122 -0.00028935185185185184 -0.00019290123456790122 -0.00028935185185185184 -0.00019290123456790122 -0.00028935185185185184 -0.00019290123456790122 -0.00028935185185185184 -0.00019290123456790122 -0.00028935185185185184
0 0.36651234567901236 0.25188078703703703 0.05478395061728395 0.12471064814814815 0.3427854938271605 0.23524305555555555 0.3454861111111111 0.29195601851851855 0.39274691358024694 0.1987847222222222 0.3487654320987654 0.2896412037037037 0.34760802469135804 0.2962962962962963 0.34760802469135804 0.3090277777777778
0 0.5792824074074074 0.7443576388888888 0.09143518518518519 0.08304398148148148 0.6221064814814815 0.7071759259259259 0.6205632716049383 0.7595486111111112 0.5349151234567902 0.7430555555555556 0.6130401234567902 0.7624421296296297 0.6134259259259259 0.7711226851851852 0.6116898148148148 0.7821180555555556
0 0.16685956790123457 0.8697916666666666 0.07098765432098765 0.19212962962962962 0.1423611111111111 0.7789351851851852 0.1427469135802469 0.8576388888888888 0.19598765432098766 0.8365162037037037 0.14660493827160495 0.90625 0.14834104938271606 0.9259259259259259 0.14776234567901234 0.9609375
