0 0.06548996913580248 0.8305844907407407 0.13059413580246915 0.15480324074074073 -0.00019290123456790122 -0.00028935185185185184 -0.00019290123456790122 -0.00028935185185185184 -0.00019290123456790122 -0.00028935185185185184 -0.00019290123456790122 -0.00028935185185185184 -0.00019290123456790122 -0.00028935185185185184 -0.00019290123456790122 -0.00028935185185185184
0 0.2789351851851852 0.8162615740740741 0.19405864197530864 0.36747685185185186 0.18267746913580246 0.6669560185185185 0.2339891975308642 0.8932291666666666 0.3732638888888889 0.6388888888888888 0.25 0.9053819444444444 0.24575617283950618 0.9372106481481481 0.24305555555555555 0.9968171296296297
0 0.29118441358024694 0.421875 0.11246141975308642 0.2974537037037037 -0.00019290123456790122 -0.00028935185185185184 -0.00019290123456790122 -0.00028935185185185184 -0.00019290123456790122 -0.00028935185185185184 -0.00019290123456790122 -0.00028935185185185184 -0.00019290123456790122 -0.00028935185185185184 -0.00019290123456790122 -0.00028935185185185184
0 0.5146604938271605 0.5473090277777778 0.09104938271604938 0.2717013888888889 0.470679012345679 0.4331597222222222 0.4836033950617284 0.5868055555555556 0.5565200617283951 0.4207175925925926 0.4913194444444444 0.5978009259259259 0.49189814814814814 0.625 0.4809027777777778 0.6753472222222222
0 0.48582175925925924 0.32436342592592593 0.15335648148148148 0.35532407407407407 0.47897376543209874 0.15248842592592593 0.5310570987654321 0.3382523148148148 0.41512345679012347 0.1550925925925926 0.5190972222222222 0.37181712962962965 0.5271990740740741 0.40219907407407407 0.5578703703703703 0.4939236111111111
0 0.5706018518518519 0.4344618055555556 0.023148148148148147 0.18952546296296297 -0.00019290123456790122 -0.00028935185185185184 -0.00019290123456790122 -0.00028935185185185184 -0.00019290123456790122 -0.00028935185185185184 -0.00019290123456790122 -0.00028935185185185184 -0.00019290123456790122 -0.00028935185185185184 -0.00019290123456790122 -0.00028935185185185184
0 0.6796875 0.3702256944444444 0.04070216049382716 0.15538194444444445 0.6984953703703703 0.29658564814814814 0.6772762345679012 0.3683449074074074 0.6651234567901234 0.3576388888888889 0.669945987654321 0.3917824074074074 0.6687885802469136 0.40219907407407407 0.6691743827160493 0.44386574074074076
0 0.6682098765432098 0.6355613425925926 0.030864197530864196 0.0853587962962963 -0.00019290123456790122 -0.00028935185185185184 -0.00019290123456790122 -0.00028935185185185184 -0.00019290123456790122 -0.00028935185185185184 -0.00019290123456790122 -0.00028935185185185184 -0.00019290123456790122 -0.00028935185185185184 -0.00019290123456790122 -0.00028935185185185184
0 0.7218364197530864 0.6208043981481481 0.03819444444444445 0.1015625 -0.00019290123456790122 -0.00028935185185185184 -0.00019290123456790122 -0.00028935185185185184 -0.00019290123456790122 -0.00028935185185185184 -0.00019290123456790122 -0.00028935185185185184 -0.00019290123456790122 -0.00028935185185185184 -0.00019290123456790122 -0.00028935185185185184
0 0.8223379629629629 0.7342303240740741 0.12114197530864197 0.3833912037037037 -0.00019290123456790122 -0.00028935185185185184 -0.00019290123456790122 -0.00028935185185185184 -0.00019290123456790122 -0.00028935185185185184 -0.00019290123456790122 -0.00028935185185185184 -0.00019290123456790122 -0.00028935185185185184 -0.00019290123456790122 -0.00028935185185185184
0 0.18460648148148148 0.28125 0.04359567901234568 0.0943287037037037 0.16666666666666666 0.2410300925925926 0.19425154320987653 0.3058449074074074 0.18942901234567902 0.25289351851851855 0.19984567901234568 0.3052662037037037 0.20119598765432098 0.3142361111111111 0.20505401234567902 0.32320601851851855
0 0.030671296296296297 0.10069444444444445 0.061342592592592594 0.1261574074074074 0.03125 0.044849537037037035 0.044174382716049385 0.12760416666666666 0.00038580246913580245 0.08796296296296297 0.03915895061728395 0.13686342592592593 0.047260802469135804 0.1423611111111111 0.05652006172839506 0.1579861111111111
0 0.32494212962962965 0.2725694444444444 0.07233796296296297 0.16261574074074073 -0.00019290123456790122 -0.00028935185185185184 -0.00019290123456790122 -0.00028935185185185184 -0.00019290123456790122 -0.00028935185185185184 -0.00019290123456790122 -0.00028935185185185184 -0.00019290123456790122 -0.00028935185185185184 -0.00019290123456790122 -0.00028935185185185184
0 0.20891203703703703 0.19777199074074073 0.05092592592592592 0.12355324074074074 -0.00019290123456790122 -0.00028935185185185184 -0.00019290123456790122 -0.00028935185185185184 -0.00019290123456790122 -0.00028935185185185184 -0.00019290123456790122 -0.00028935185185185184 -0.00019290123456790122 -0.00028935185185185184 -0.00019290123456790122 -0.00028935185185185184
0 0.265625 0.08854166666666667 0.12924382716049382 0.17708333333333334 0.27584876543209874 0.0023148148148148147 0.30613425925925924 0.0865162037037037 0.2025462962962963 0.03211805555555555 0.2918595679012346 0.10648148148148148 0.3117283950617284 0.13425925925925927 0.328125 0.171875
