0 0.38570601851851855 0.25853587962962965 0.07619598765432099 0.26244212962962965 0.35011574074074076 0.13310185185185186 0.37017746913580246 0.23929398148148148 0.41512345679012347 0.13194444444444445 0.3767361111111111 0.25810185185185186 0.3748070987654321 0.27314814814814814 0.38425925925925924 0.38686342592592593
0 0.447241512345679 0.3059895833333333 0.14911265432098766 0.2803819444444444 0.4538966049382716 0.17158564814814814 0.4807098765432099 0.3298611111111111 0.38290895061728397 0.296875 0.4799382716049383 0.3628472222222222 0.49151234567901236 0.37644675925925924 0.5163966049382716 0.4409722222222222
0 0.8184799382716049 0.8243634259259259 0.18981481481481483 0.2586805555555556 0.8460648148148148 0.8399884259259259 0.8701774691358025 0.8969907407407407 0.7283950617283951 0.7039930555555556 0.8638117283950617 0.8981481481481481 0.8757716049382716 0.9019097222222222 0.9116512345679012 0.9473379629629629
0 0.22839506172839505 0.8835358796296297 0.10339506172839506 0.12760416666666666 0.18344907407407407 0.8848379629629629 0.22974537037037038 0.9085648148148148 0.21547067901234568 0.8330439814814815 0.23842592592592593 0.8978587962962963 0.2527006172839506 0.9178240740740741 0.27584876543209874 0.9429976851851852
0 0.36149691358024694 0.875 0.07291666666666667 0.08449074074074074 0.33969907407407407 0.8373842592592593 0.3863811728395062 0.8648726851851852 0.3325617283950617 0.8871527777777778 0.3912037037037037 0.8871527777777778 0.3908179012345679 0.8990162037037037 0.3939043209876543 0.9146412037037037
0 0.45871913580246915 0.6750578703703703 0.08757716049382716 0.38483796296296297 0.4201388888888889 0.6765046296296297 0.4679783950617284 0.7387152777777778 0.4583333333333333 0.48640046296296297 0.4855324074074074 0.7497106481481481 0.4903549382716049 0.7728587962962963 0.49382716049382713 0.8634259259259259
0 0.566358024691358 0.5334201388888888 0.32021604938271603 0.45804398148148145 0.41030092592592593 0.5078125 0.5055941358024691 0.6134259259259259 0.71875 0.31539351851851855 0.5376157407407407 0.6310763888888888 0.5335648148148148 0.6637731481481481 0.544945987654321 0.7560763888888888
0 0.6220100308641975 0.3392650462962963 0.03915895061728395 0.17390046296296297 -0.00019290123456790122 -0.00028935185185185184 -0.00019290123456790122 -0.00028935185185185184 -0.00019290123456790122 -0.00028935185185185184 -0.00019290123456790122 -0.00028935185185185184 -0.00019290123456790122 -0.00028935185185185184 -0.00019290123456790122 -0.00028935185185185184
0 0.2908950617283951 0.4652777777777778 0.08024691358024691 0.0943287037037037 -0.00019290123456790122 -0.00028935185185185184 -0.00019290123456790122 -0.00028935185185185184 -0.00019290123456790122 -0.00028935185185185184 -0.00019290123456790122 -0.00028935185185185184 -0.00019290123456790122 -0.00028935185185185184 -0.00019290123456790122 -0.00028935185185185184
0 0.3638117283950617 0.43359375 0.08333333333333333 0.1345486111111111 0.3248456790123457 0.37123842592592593 0.34664351851851855 0.46469907407407407 0.4039351851851852 0.4224537037037037 0.36246141975308643 0.484375 0.36149691358024694 0.4916087962962963 0.36246141975308643 0.49855324074074076
0 0.9177276234567902 0.05483217592592592 0.06114969135802469 0.10966435185185185 0.9347993827160493 0.0026041666666666665 0.9440586419753086 0.07378472222222222 0.904320987654321 0.00318287037037037 0.9386574074074074 0.08449074074074074 0.9425154320987654 0.09085648148148148 0.9430941358024691 0.10185185185185185
