0 0.08468364197530864 0.4558738425925926 0.08449074074074074 0.34346064814814814 0.11921296296296297 0.3020833333333333 0.11786265432098765 0.5040509259259259 0.04456018518518518 0.3035300925925926 0.10841049382716049 0.4898726851851852 0.1097608024691358 0.5324074074074074 0.11014660493827161 0.6197916666666666
0 0.1482445987654321 0.4759837962962963 0.12249228395061729 0.2650462962962963 0.19116512345679013 0.35185185185185186 0.19502314814814814 0.5546875 0.09047067901234568 0.3940972222222222 0.1882716049382716 0.5636574074074074 0.19463734567901234 0.5896990740740741 0.20582561728395063 0.6053240740740741
0 0.24990354938271606 0.9111689814814815 0.04610339506172839 0.17766203703703703 -0.00019290123456790122 -0.00028935185185185184 -0.00019290123456790122 -0.00028935185185185184 -0.00019290123456790122 -0.00028935185185185184 -0.00019290123456790122 -0.00028935185185185184 -0.00019290123456790122 -0.00028935185185185184 -0.00019290123456790122 -0.00028935185185185184
0 0.3193479938271605 0.29050925925925924 0.10050154320987655 0.3460648148148148 0.33989197530864196 0.23842592592592593 0.30227623456790126 0.36516203703703703 0.36747685185185186 0.12268518518518519 0.3028549382716049 0.375 0.29031635802469136 0.4117476851851852 0.2770061728395062 0.4583333333333333
0 0.322241512345679 0.4479166666666667 0.1371527777777778 0.4565972222222222 0.3898533950617284 0.22511574074074073 0.3447145061728395 0.5092592592592593 0.25482253086419754 0.2879050925925926 0.328125 0.5300925925925926 0.328125 0.5604745370370371 0.33545524691358025 0.6605902777777778
0 0.47511574074074076 0.5480324074074074 0.17708333333333334 0.3258101851851852 0.466820987654321 0.3958333333333333 0.4176311728395062 0.6255787037037037 0.5594135802469136 0.4184027777777778 0.42804783950617287 0.6403356481481481 0.41396604938271603 0.6730324074074074 0.3917824074074074 0.7086226851851852
0 0.8971836419753086 0.4826388888888889 0.2056327160493827 0.5966435185185185 0.9920910493827161 0.2332175925925926 0.9712577160493827 0.5943287037037037 0.7976466049382716 0.1909722222222222 0.9488811728395061 0.5920138888888888 0.9510030864197531 0.6603009259259259 0.9488811728395061 0.7598379629629629
0 0.6061921296296297 0.42954282407407407 0.07542438271604938 0.28443287037037035 0.6400462962962963 0.2957175925925926 0.6030092592592593 0.4852430555555556 0.5709876543209876 0.2916666666666667 0.5895061728395061 0.5115740740740741 0.5839120370370371 0.5361689814814815 0.5727237654320988 0.5648148148148148
0 0.43460648148148145 0.29542824074074076 0.12924382716049382 0.19733796296296297 -0.00019290123456790122 -0.00028935185185185184 -0.00019290123456790122 -0.00028935185185185184 -0.00019290123456790122 -0.00028935185185185184 -0.00019290123456790122 -0.00028935185185185184 -0.00019290123456790122 -0.00028935185185185184 -0.00019290123456790122 -0.00028935185185185184
0 0.6279899691358025 0.9331597222222222 0.030671296296296297 0.13368055555555555 -0.00019290123456790122 -0.00028935185185185184 -0.00019290123456790122 -0.00028935185185185184 -0.00019290123456790122 -0.00028935185185185184 -0.00019290123456790122 -0.00028935185185185184 -0.00019290123456790122 -0.00028935185185185184 -0.00019290123456790122 -0.00028935185185185184
0 0.6510416666666666 0.8870081018518519 0.04513888888888889 0.21383101851851852 -0.00019290123456790122 -0.00028935185185185184 -0.00019290123456790122 -0.00028935185185185184 -0.00019290123456790122 -0.00028935185185185184 -0.00019290123456790122 -0.00028935185185185184 -0.00019290123456790122 -0.00028935185185185184 -0.00019290123456790122 -0.00028935185185185184
