0 0.3116319444444444 0.3276909722222222 0.10358796296296297 0.1519097222222222 0.26851851851851855 0.25376157407407407 0.2613811728395062 0.35474537037037035 0.3616898148148148 0.2595486111111111 0.2700617283950617 0.35474537037037035 0.267554012345679 0.3680555555555556 0.2671682098765432 0.40162037037037035
0 0.03607253086419753 0.15162037037037038 0.032407407407407406 0.13020833333333334 0.03780864197530864 0.08969907407407407 0.04243827160493827 0.15046296296296297 0.022955246913580248 0.15104166666666666 0.04378858024691358 0.1796875 0.04070216049382716 0.19386574074074073 0.03819444444444445 0.21412037037037038
0 0.41984953703703703 0.2711226851851852 0.06809413580246913 0.061921296296296294 0.44058641975308643 0.2427662037037037 0.4513888888888889 0.2864583333333333 0.3869598765432099 0.24797453703703703 0.44560185185185186 0.28501157407407407 0.44772376543209874 0.2899305555555556 0.4498456790123457 0.29976851851851855
0 0.5279706790123457 0.25 0.07098765432098765 0.06828703703703703 -0.00019290123456790122 -0.00028935185185185184 -0.00019290123456790122 -0.00028935185185185184 -0.00019290123456790122 -0.00028935185185185184 -0.00019290123456790122 -0.00028935185185185184 -0.00019290123456790122 -0.00028935185185185184 -0.00019290123456790122 -0.00028935185185185184
0 0.5256558641975309 0.20457175925925927 0.05401234567901234 0.061342592592592594 -0.00019290123456790122 -0.00028935185185185184 -0.00019290123456790122 -0.00028935185185185184 -0.00019290123456790122 -0.00028935185185185184 -0.00019290123456790122 -0.00028935185185185184 -0.00019290123456790122 -0.00028935185185185184 -0.00019290123456790122 -0.00028935185185185184
0 0.17737268518518517 0.4972511574074074 0.13406635802469136 0.12644675925925927 0.14332561728395063 0.4369212962962963 0.12384259259259259 0.4820601851851852 0.23919753086419754 0.5546875 0.13136574074074073 0.4887152777777778 0.1246141975308642 0.5017361111111112 0.11188271604938271 0.5361689814814815
0 0.4383680555555556 0.4913194444444444 0.09895833333333333 0.09895833333333333 0.47646604938271603 0.4609375 0.4820601851851852 0.5130208333333334 0.3931327160493827 0.4837962962962963 0.47897376543209874 0.5121527777777778 0.4807098765432099 0.5237268518518519 0.4810956790123457 0.5358796296296297
0 0.9278549382716049 0.5739293981481481 0.10262345679012345 0.11140046296296297 0.9689429012345679 0.5208333333333334 0.9743441358024691 0.5946180555555556 0.8794367283950617 0.5384837962962963 0.9660493827160493 0.5992476851851852 0.964891975308642 0.6116898148148148 0.9579475308641975 0.6273148148148148
0 0.9190779320987654 0.29311342592592593 0.13908179012345678 0.4861111111111111 0.8694058641975309 0.40769675925925924 0.8694058641975309 0.45891203703703703 0.9693287037037037 0.05844907407407408 0.8767361111111112 0.4441550925925926 0.8767361111111112 0.4849537037037037 0.8823302469135802 0.5147569444444444
0 0.7204861111111112 0.30222800925925924 0.1095679012345679 0.17332175925925927 0.6861496913580247 0.21903935185185186 0.6847993827160493 0.2960069444444444 0.7582947530864198 0.3726851851851852 0.6792052469135802 0.35561342592592593 0.675733024691358 0.3663194444444444 0.6726466049382716 0.38425925925925924
0 0.34481095679012347 0.6552372685185185 0.01408179012345679 0.0708912037037037 -0.00019290123456790122 -0.00028935185185185184 -0.00019290123456790122 -0.00028935185185185184 -0.00019290123456790122 -0.00028935185185185184 -0.00019290123456790122 -0.00028935185185185184 -0.00019290123456790122 -0.00028935185185185184 -0.00019290123456790122 -0.00028935185185185184
0 0.12239583333333333 0.9000289351851852 0.04764660493827161 0.19994212962962962 0.11709104938271606 0.8802083333333334 0.12268518518518519 0.9618055555555556 0.11709104938271606 0.8041087962962963 0.1246141975308642 0.9519675925925926 0.12094907407407407 0.9690393518518519 0.12307098765432099 0.9982638888888888
0 0.6472800925925926 0.1724537037037037 0.06693672839506173 0.05150462962962963 -0.00019290123456790122 -0.00028935185185185184 -0.00019290123456790122 -0.00028935185185185184 -0.00019290123456790122 -0.00028935185185185184 -0.00019290123456790122 -0.00028935185185185184 -0.00019290123456790122 -0.00028935185185185184 -0.00019290123456790122 -0.00028935185185185184
