0 0.1935763888888889 0.83984375 0.06500771604938271 0.053530092592592594 0.2048611111111111 0.8535879629629629 0.2193287037037037 0.8246527777777778 0.16531635802469136 0.8527199074074074 0.2162422839506173 0.8226273148148148 0.22183641975308643 0.8252314814814815 0.22492283950617284 0.8232060185185185
0 0.2847222222222222 0.8557581018518519 0.07407407407407407 0.1634837962962963 -0.00019290123456790122 -0.00028935185185185184 -0.00019290123456790122 -0.00028935185185185184 -0.00019290123456790122 -0.00028935185185185184 -0.00019290123456790122 -0.00028935185185185184 -0.00019290123456790122 -0.00028935185185185184 -0.00019290123456790122 -0.00028935185185185184
0 0.5441743827160493 0.8651620370370371 0.02199074074074074 0.0625 -0.00019290123456790122 -0.00028935185185185184 -0.00019290123456790122 -0.00028935185185185184 -0.00019290123456790122 -0.00028935185185185184 -0.00019290123456790122 -0.00028935185185185184 -0.00019290123456790122 -0.00028935185185185184 -0.00019290123456790122 -0.00028935185185185184
0 0.6193094135802469 0.7013888888888888 0.06500771604938271 0.28935185185185186 0.6271219135802469 0.6880787037037037 0.6467978395061729 0.7922453703703703 0.5925925925925926 0.5622106481481481 0.6417824074074074 0.7858796296296297 0.6456404320987654 0.8029513888888888 0.6471836419753086 0.8396990740740741
0 0.9287229938271605 0.7787905092592593 0.14255401234567902 0.2664930555555556 1.0001929012345678 0.703125 0.9751157407407407 0.8208912037037037 0.8609182098765432 0.6519097222222222 0.9625771604938271 0.8292824074074074 0.9691358024691358 0.8512731481481481 0.9866898148148148 0.9053819444444444
0 0.7258873456790124 0.19270833333333334 0.07600308641975309 0.22743055555555555 0.7459490740740741 0.2586805555555556 0.7476851851851852 0.2803819444444444 0.7040895061728395 0.08622685185185185 0.7496141975308642 0.2673611111111111 0.7544367283950617 0.2789351851851852 0.7621527777777778 0.30179398148148145
0 0.484375 0.45804398148148145 0.05594135802469136 0.23726851851851852 0.46026234567901236 0.4071180555555556 0.47646604938271603 0.5153356481481481 0.5090663580246914 0.34375 0.48572530864197533 0.5159143518518519 0.4886188271604938 0.5306712962962963 0.49228395061728397 0.5711805555555556
0 0.5525655864197531 0.4058159722222222 0.05304783950617284 0.17332175925925927 -0.00019290123456790122 -0.00028935185185185184 -0.00019290123456790122 -0.00028935185185185184 -0.00019290123456790122 -0.00028935185185185184 -0.00019290123456790122 -0.00028935185185185184 -0.00019290123456790122 -0.00028935185185185184 -0.00019290123456790122 -0.00028935185185185184
0 0.7027391975308642 0.38469328703703703 0.062114197530864196 0.13802083333333334 0.673804012345679 0.3194444444444444 0.6967592592592593 0.3773148148148148 0.7021604938271605 0.38744212962962965 0.7037037037037037 0.4117476851851852 0.7025462962962963 0.4273726851851852 0.6929012345679012 0.45167824074074076
0 0.7238618827160493 0.35083912037037035 0.02334104938271605 0.04658564814814815 -0.00019290123456790122 -0.00028935185185185184 -0.00019290123456790122 -0.00028935185185185184 -0.00019290123456790122 -0.00028935185185185184 -0.00019290123456790122 -0.00028935185185185184 -0.00019290123456790122 -0.00028935185185185184 -0.00019290123456790122 -0.00028935185185185184
