0 0.25925925925925924 0.40870949074074076 0.11689814814814815 0.19241898148148148 -0.00019290123456790122 -0.00028935185185185184 -0.00019290123456790122 -0.00028935185185185184 -0.00019290123456790122 -0.00028935185185185184 -0.00019290123456790122 -0.00028935185185185184 -0.00019290123456790122 -0.00028935185185185184 -0.00019290123456790122 -0.00028935185185185184
0 0.23823302469135801 0.25708912037037035 0.03279320987654321 0.16174768518518517 0.23591820987654322 0.17997685185185186 0.2486496913580247 0.29224537037037035 0.22395833333333334 0.31278935185185186 0.24074074074074073 0.31626157407407407 0.24016203703703703 0.32320601851851855 0.2309027777777778 0.33304398148148145
0 0.6616512345679012 0.5588831018518519 0.08294753086419752 0.24623842592592593 0.6635802469135802 0.47280092592592593 0.6990740740740741 0.6102430555555556 0.6213348765432098 0.43952546296296297 0.6911651234567902 0.6102430555555556 0.6952160493827161 0.6403356481481481 0.6977237654320988 0.6762152777777778
0 0.732445987654321 0.6925636574074074 0.03665123456790124 0.20341435185185186 0.7199074074074074 0.5995370370370371 0.7334104938271605 0.7424768518518519 0.7173996913580247 0.5934606481481481 0.7283950617283951 0.7471064814814815 0.7309027777777778 0.7583912037037037 0.7264660493827161 0.7910879629629629
0 0.8043981481481481 0.7782118055555556 0.04436728395061729 0.09172453703703703 0.8024691358024691 0.7349537037037037 0.8080632716049383 0.7826967592592593 0.7899305555555556 0.7948495370370371 0.8076774691358025 0.8046875 0.8026620370370371 0.8159722222222222 0.7966820987654321 0.8208912037037037
0 0.6358989197530864 0.7809606481481481 0.08892746913580248 0.22569444444444445 0.5935570987654321 0.6744791666666666 0.6469907407407407 0.8339120370370371 0.5935570987654321 0.6710069444444444 0.6514274691358025 0.8466435185185185 0.6548996913580247 0.8501157407407407 0.6772762345679012 0.8914930555555556
0 0.6843171296296297 0.71875 0.04456018518518518 0.08159722222222222 0.7058256172839507 0.6825810185185185 0.7008101851851852 0.7473958333333334 0.6635802469135802 0.7013888888888888 0.6942515432098766 0.7407407407407407 0.6952160493827161 0.7523148148148148 0.6952160493827161 0.7569444444444444
0 0.5528549382716049 0.6798321759259259 0.09259259259259259 0.19762731481481483 0.5092592592592593 0.6009837962962963 0.5574845679012346 0.7123842592592593 0.5922067901234568 0.5882523148148148 0.5698302469135802 0.7135416666666666 0.5706018518518519 0.7309027777777778 0.5734953703703703 0.7714120370370371
0 0.2593557098765432 0.7054398148148148 0.11709104938271606 0.19618055555555555 0.2040895061728395 0.6134259259259259 0.2604166666666667 0.7635995370370371 0.3150077160493827 0.7320601851851852 0.27912808641975306 0.7936921296296297 0.28607253086419754 0.7962962962962963 0.294945987654321 0.8000578703703703
0 0.6624228395061729 0.7378472222222222 0.02662037037037037 0.07407407407407407 -0.00019290123456790122 -0.00028935185185185184 -0.00019290123456790122 -0.00028935185185185184 -0.00019290123456790122 -0.00028935185185185184 -0.00019290123456790122 -0.00028935185185185184 -0.00019290123456790122 -0.00028935185185185184 -0.00019290123456790122 -0.00028935185185185184
