0 0.7325424382716049 0.26880787037037035 0.17881944444444445 0.44386574074074076 0.8180941358024691 0.06163194444444445 0.7175925925925926 0.2916666666666667 0.720679012345679 0.05497685185185185 0.6907793209876543 0.31394675925925924 0.6803626543209876 0.3521412037037037 0.6467978395061729 0.48640046296296297
0 0.859375 0.8845486111111112 0.13541666666666666 0.22743055555555555 -0.00019290123456790122 -0.00028935185185185184 -0.00019290123456790122 -0.00028935185185185184 -0.00019290123456790122 -0.00028935185185185184 -0.00019290123456790122 -0.00028935185185185184 -0.00019290123456790122 -0.00028935185185185184 -0.00019290123456790122 -0.00028935185185185184
0 0.9089506172839507 0.7999131944444444 0.18209876543209877 0.24450231481481483 0.8584104938271605 0.7242476851851852 0.8601466049382716 0.8237847222222222 1.0011574074074074 0.7118055555555556 0.8605324074074074 0.8483796296296297 0.8485725308641975 0.8657407407407407 0.8244598765432098 0.9175347222222222
0 0.8173225308641975 0.7831307870370371 0.06172839506172839 0.15133101851851852 -0.00019290123456790122 -0.00028935185185185184 -0.00019290123456790122 -0.00028935185185185184 -0.00019290123456790122 -0.00028935185185185184 -0.00019290123456790122 -0.00028935185185185184 -0.00019290123456790122 -0.00028935185185185184 -0.00019290123456790122 -0.00028935185185185184
0 0.5461998456790124 0.8668981481481481 0.0623070987654321 0.1423611111111111 -0.00019290123456790122 -0.00028935185185185184 -0.00019290123456790122 -0.00028935185185185184 -0.00019290123456790122 -0.00028935185185185184 -0.00019290123456790122 -0.00028935185185185184 -0.00019290123456790122 -0.00028935185185185184 -0.00019290123456790122 -0.00028935185185185184
0 0.2854938271604938 0.5555555555555556 0.16242283950617284 0.3119212962962963 -0.00019290123456790122 -0.00028935185185185184 -0.00019290123456790122 -0.00028935185185185184 -0.00019290123456790122 -0.00028935185185185184 -0.00019290123456790122 -0.00028935185185185184 -0.00019290123456790122 -0.00028935185185185184 -0.00019290123456790122 -0.00028935185185185184
0 0.550733024691358 0.39453125 0.14429012345679013 0.4383680555555556 0.4955632716049383 0.17824074074074073 0.4847608024691358 0.4392361111111111 0.6203703703703703 0.1970486111111111 0.5028935185185185 0.48726851851851855 0.49189814814814814 0.5283564814814815 0.49247685185185186 0.6067708333333334
0 0.04060570987654321 0.5745081018518519 0.08121141975308642 0.49971064814814814 0.0036651234567901233 0.3347800925925926 0.021604938271604937 0.4487847222222222 0.036458333333333336 0.45775462962962965 0.021604938271604937 0.6076388888888888 0.020833333333333332 0.6322337962962963 0.0023148148148148147 0.8153935185185185
0 0.6045524691358025 0.8030960648148148 0.048996913580246916 0.18836805555555555 0.6053240740740741 0.7155671296296297 0.6136188271604939 0.8229166666666666 0.6109182098765432 0.7213541666666666 0.6032021604938271 0.8524305555555556 0.6006944444444444 0.8648726851851852 0.5864197530864198 0.8932291666666666
0 0.6869212962962963 0.4894386574074074 0.040123456790123455 0.12181712962962964 -0.00019290123456790122 -0.00028935185185185184 -0.00019290123456790122 -0.00028935185185185184 -0.00019290123456790122 -0.00028935185185185184 -0.00019290123456790122 -0.00028935185185185184 -0.00019290123456790122 -0.00028935185185185184 -0.00019290123456790122 -0.00028935185185185184
