0 0.19521604938271606 0.22164351851851852 0.019290123456790122 0.0920138888888889 -0.00019290123456790122 -0.00028935185185185184 -0.00019290123456790122 -0.00028935185185185184 -0.00019290123456790122 -0.00028935185185185184 -0.00019290123456790122 -0.00028935185185185184 -0.00019290123456790122 -0.00028935185185185184 -0.00019290123456790122 -0.00028935185185185184
0 0.23765432098765432 0.11805555555555555 0.02854938271604938 0.05844907407407408 -0.00019290123456790122 -0.00028935185185185184 -0.00019290123456790122 -0.00028935185185185184 -0.00019290123456790122 -0.00028935185185185184 -0.00019290123456790122 -0.00028935185185185184 -0.00019290123456790122 -0.00028935185185185184 -0.00019290123456790122 -0.00028935185185185184
0 0.48910108024691357 0.07624421296296297 0.061535493827160496 0.15248842592592593 -0.00019290123456790122 -0.00028935185185185184 -0.00019290123456790122 -0.00028935185185185184 -0.00019290123456790122 -0.00028935185185185184 -0.00019290123456790122 -0.00028935185185185184 -0.00019290123456790122 -0.00028935185185185184 -0.00019290123456790122 -0.00028935185185185184
0 0.4312307098765432 0.18938078703703703 0.1548996913580247 0.3776041666666667 0.5013503086419753 0.0026041666666666665 0.4965277777777778 0.21469907407407407 0.35551697530864196 0.01880787037037037 0.4793595679012346 0.2410300925925926 0.48572530864197533 0.2682291666666667 0.4930555555555556 0.3723958333333333
0 0.6940586419753086 0.15075231481481483 0.02044753086419753 0.09085648148148148 -0.00019290123456790122 -0.00028935185185185184 -0.00019290123456790122 -0.00028935185185185184 -0.00019290123456790122 -0.00028935185185185184 -0.00019290123456790122 -0.00028935185185185184 -0.00019290123456790122 -0.00028935185185185184 -0.00019290123456790122 -0.00028935185185185184
0 0.7110339506172839 0.18388310185185186 0.038580246913580245 0.06915509259259259 -0.00019290123456790122 -0.00028935185185185184 -0.00019290123456790122 -0.00028935185185185184 -0.00019290123456790122 -0.00028935185185185184 -0.00019290123456790122 -0.00028935185185185184 -0.00019290123456790122 -0.00028935185185185184 -0.00019290123456790122 -0.00028935185185185184
0 0.7763310185185185 0.1316550925925926 0.1263503086419753 0.09027777777777778 -0.00019290123456790122 -0.00028935185185185184 -0.00019290123456790122 -0.00028935185185185184 -0.00019290123456790122 -0.00028935185185185184 -0.00019290123456790122 -0.00028935185185185184 -0.00019290123456790122 -0.00028935185185185184 -0.00019290123456790122 -0.00028935185185185184
0 0.9599729938271605 0.5989583333333334 0.08005401234567901 0.1232638888888889 0.9770447530864198 0.5416666666666666 0.9361496913580247 0.6119791666666666 1.0001929012345678 0.5729166666666666 0.9427083333333334 0.6114004629629629 0.9369212962962963 0.6235532407407407 0.9226466049382716 0.6556712962962963
0 0.7232831790123457 0.6267361111111112 0.0626929012345679 0.18171296296296297 0.7532793209876543 0.5601851851851852 0.7525077160493827 0.6594328703703703 0.6934799382716049 0.5494791666666666 0.7465277777777778 0.6542245370370371 0.7465277777777778 0.6759259259259259 0.7401620370370371 0.7158564814814815
0 0.1794945987654321 0.45717592592592593 0.07465277777777778 0.17997685185185186 0.1440972222222222 0.3761574074074074 0.1861496913580247 0.5124421296296297 0.15142746913580246 0.37037037037037035 0.19077932098765432 0.5052083333333334 0.19714506172839505 0.5199652777777778 0.21489197530864199 0.5436921296296297
0 0.1978202160493827 0.44169560185185186 0.06886574074074074 0.15653935185185186 -0.00019290123456790122 -0.00028935185185185184 -0.00019290123456790122 -0.00028935185185185184 -0.00019290123456790122 -0.00028935185185185184 -0.00019290123456790122 -0.00028935185185185184 -0.00019290123456790122 -0.00028935185185185184 -0.00019290123456790122 -0.00028935185185185184
