0 0.12201003086419752 0.5541087962962963 0.07272376543209877 0.13020833333333334 -0.00019290123456790122 -0.00028935185185185184 -0.00019290123456790122 -0.00028935185185185184 -0.00019290123456790122 -0.00028935185185185184 -0.00019290123456790122 -0.00028935185185185184 -0.00019290123456790122 -0.00028935185185185184 -0.00019290123456790122 -0.00028935185185185184
0 0.3429783950617284 0.6720196759259259 0.07908950617283951 0.24797453703703703 0.30594135802469136 0.6640625 0.359375 0.7690972222222222 0.36342592592592593 0.5529513888888888 0.36921296296296297 0.7621527777777778 0.3759645061728395 0.7798032407407407 0.38078703703703703 0.7861689814814815
0 0.5372299382716049 0.5587384259259259 0.053626543209876545 0.35185185185185186 0.5432098765432098 0.49971064814814814 0.5246913580246914 0.6524884259259259 0.5609567901234568 0.3912037037037037 0.5337577160493827 0.6510416666666666 0.5333719135802469 0.6698495370370371 0.53125 0.7236689814814815
0 0.730516975308642 0.5911458333333334 0.08796296296296297 0.22743055555555555 0.7202932098765432 0.4809027777777778 0.7172067901234568 0.6516203703703703 0.7615740740740741 0.6467013888888888 0.7125771604938271 0.6730324074074074 0.7054398148148148 0.6857638888888888 0.6902006172839507 0.7022569444444444
0 0.9348958333333334 0.7913773148148148 0.13020833333333334 0.17881944444444445 0.9261188271604939 0.8535879629629629 0.9141589506172839 0.8770254629629629 0.9994212962962963 0.7557870370370371 0.9151234567901234 0.8614004629629629 0.9010416666666666 0.8703703703703703 0.8717206790123457 0.8755787037037037
0 0.5469714506172839 0.32711226851851855 0.03877314814814815 0.20630787037037038 -0.00019290123456790122 -0.00028935185185185184 -0.00019290123456790122 -0.00028935185185185184 -0.00019290123456790122 -0.00028935185185185184 -0.00019290123456790122 -0.00028935185185185184 -0.00019290123456790122 -0.00028935185185185184 -0.00019290123456790122 -0.00028935185185185184
0 0.4781057098765432 0.3537326388888889 0.0954861111111111 0.26359953703703703 0.4504243827160494 0.3680555555555556 0.43460648148148145 0.42997685185185186 0.5219907407407407 0.2277199074074074 0.4409722222222222 0.4175347222222222 0.44039351851851855 0.4476273148148148 0.44463734567901236 0.48119212962962965
0 0.38290895061728397 0.24146412037037038 0.1597222222222222 0.48292824074074076 0.44058641975308643 0.003472222222222222 0.43209876543209874 0.2456597222222222 0.3090277777777778 0.004918981481481482 0.4228395061728395 0.31221064814814814 0.4305555555555556 0.34403935185185186 0.4575617283950617 0.4661458333333333
0 0.7042824074074074 0.20934606481481483 0.08024691358024691 0.11950231481481481 -0.00019290123456790122 -0.00028935185185185184 -0.00019290123456790122 -0.00028935185185185184 -0.00019290123456790122 -0.00028935185185185184 -0.00019290123456790122 -0.00028935185185185184 -0.00019290123456790122 -0.00028935185185185184 -0.00019290123456790122 -0.00028935185185185184
0 0.3363233024691358 0.8595196759259259 0.2035108024691358 0.1796875 0.4002700617283951 0.8498263888888888 0.40142746913580246 0.8932291666666666 0.23900462962962962 0.7850115740740741 0.3915895061728395 0.8897569444444444 0.4070216049382716 0.9048032407407407 0.4330632716049383 0.9447337962962963
0 0.2732445987654321 0.7411747685185185 0.1271219135802469 0.10619212962962964 0.21277006172839505 0.6935763888888888 0.26967592592592593 0.7517361111111112 0.30632716049382713 0.7905092592592593 0.2835648148148148 0.7612847222222222 0.2918595679012346 0.7531828703703703 0.33429783950617287 0.7418981481481481
