0 0.05758101851851852 0.9571759259259259 0.10204475308641975 0.08391203703703703 0.08815586419753087 0.9186921296296297 0.08699845679012345 0.9600694444444444 0.008873456790123456 0.9971064814814815 0.07928240740740741 0.9696180555555556 0.08912037037037036 0.9768518518518519 0.10320216049382716 0.9982638888888888
0 0.3029513888888889 0.9399594907407407 0.07272376543209877 0.11834490740740741 0.31655092592592593 0.8831018518518519 0.3248456790123457 0.9548611111111112 0.2681327160493827 0.9418402777777778 0.32098765432098764 0.9696180555555556 0.3248456790123457 0.9780092592592593 0.33603395061728397 0.9979745370370371
0 0.3620756172839506 0.8438946759259259 0.13618827160493827 0.13859953703703703 0.2957175925925926 0.7774884259259259 0.3157793209876543 0.8472222222222222 0.4288194444444444 0.8350694444444444 0.3256172839506173 0.8498263888888888 0.31809413580246915 0.8634259259259259 0.31635802469135804 0.9100115740740741
0 0.49932484567901236 0.8298611111111112 0.027199074074074073 0.1545138888888889 0.49864969135802467 0.84375 0.49537037037037035 0.8891782407407407 0.5073302469135802 0.7537615740740741 0.4982638888888889 0.8848379629629629 0.4955632716049383 0.8932291666666666 0.4940200617283951 0.9039351851851852
0 0.7072723765432098 0.8920717592592593 0.10204475308641975 0.1440972222222222 0.7513503086419753 0.8807870370370371 0.7542438271604939 0.9331597222222222 0.6572145061728395 0.8223379629629629 0.7471064814814815 0.9363425925925926 0.748070987654321 0.9461805555555556 0.7442129629629629 0.9609375
0 0.7686149691358025 0.8433159722222222 0.022569444444444444 0.15885416666666666 0.7696759259259259 0.8362268518518519 0.7717978395061729 0.8920717592592593 0.7602237654320988 0.7670717592592593 0.7681327160493827 0.8920717592592593 0.7687114197530864 0.8969907407407407 0.7621527777777778 0.9169560185185185
0 0.8016010802469136 0.7432002314814815 0.05381944444444445 0.13917824074074073 0.8277391975308642 0.6756365740740741 0.8074845679012346 0.7578125 0.7853009259259259 0.7514467592592593 0.8028549382716049 0.7743055555555556 0.8018904320987654 0.7798032407407407 0.7935956790123457 0.8096064814814815
0 0.7281057098765432 0.4448784722222222 0.06577932098765432 0.0998263888888889 0.7158564814814815 0.4074074074074074 0.7027391975308642 0.4600694444444444 0.7584876543209876 0.3990162037037037 0.7075617283950617 0.46122685185185186 0.7035108024691358 0.47019675925925924 0.6971450617283951 0.4921875
0 0.5469714506172839 0.2523148148148148 0.11747685185185185 0.1712962962962963 0.6030092592592593 0.1831597222222222 0.5904706790123457 0.2664930555555556 0.48919753086419754 0.16984953703703703 0.581983024691358 0.26765046296296297 0.5875771604938271 0.28327546296296297 0.5912422839506173 0.3342013888888889
0 0.3822337962962963 0.14076967592592593 0.07002314814814815 0.13802083333333334 0.3777006172839506 0.08391203703703703 0.35011574074074076 0.1730324074074074 0.4158950617283951 0.07494212962962964 0.3595679012345679 0.17447916666666666 0.35455246913580246 0.1875 0.35108024691358025 0.20688657407407407
0 0.12789351851851852 0.7524594907407407 0.12924382716049382 0.15248842592592593 0.19135802469135801 0.6828703703703703 0.17496141975308643 0.7502893518518519 0.06500771604938271 0.7025462962962963 0.16685956790123457 0.7546296296296297 0.1720679012345679 0.7711226851851852 0.18306327160493827 0.8263888888888888
0 0.15123456790123457 0.5088252314814815 0.04976851851851852 0.12818287037037038 0.1554783950617284 0.49074074074074076 0.1724537037037037 0.5381944444444444 0.12731481481481483 0.44675925925925924 0.1701388888888889 0.5402199074074074 0.1712962962962963 0.5526620370370371 0.1711033950617284 0.5703125
0 0.24807098765432098 0.4930555555555556 0.045910493827160496 0.15393518518518517 -0.00019290123456790122 -0.00028935185185185184 -0.00019290123456790122 -0.00028935185185185184 -0.00019290123456790122 -0.00028935185185185184 -0.00019290123456790122 -0.00028935185185185184 -0.00019290123456790122 -0.00028935185185185184 -0.00019290123456790122 -0.00028935185185185184
