0 0.39737654320987653 0.9377893518518519 0.07716049382716049 0.11921296296296297 0.3794367283950617 0.8857060185185185 0.41975308641975306 0.9482060185185185 0.3705632716049383 0.9192708333333334 0.41087962962962965 0.9461805555555556 0.4184027777777778 0.9728009259259259 0.42997685185185186 0.9942129629629629
0 0.6494020061728395 0.7022569444444444 0.029128086419753087 0.07523148148148148 0.6388888888888888 0.6701388888888888 0.644483024691358 0.7170138888888888 0.6587577160493827 0.7239583333333334 0.6442901234567902 0.7329282407407407 0.6466049382716049 0.7364004629629629 0.6464120370370371 0.7390046296296297
0 0.6940586419753086 0.7293113425925926 0.06365740740740741 0.05873842592592592 -0.00019290123456790122 -0.00028935185185185184 -0.00019290123456790122 -0.00028935185185185184 -0.00019290123456790122 -0.00028935185185185184 -0.00019290123456790122 -0.00028935185185185184 -0.00019290123456790122 -0.00028935185185185184 -0.00019290123456790122 -0.00028935185185185184
0 0.7000385802469136 0.5532407407407407 0.13233024691358025 0.23206018518518517 0.7640817901234568 0.44155092592592593 0.7087191358024691 0.5986689814814815 0.6371527777777778 0.5309606481481481 0.6915509259259259 0.6087962962962963 0.6957947530864198 0.6342592592592593 0.6986882716049383 0.6617476851851852
0 0.421875 0.2544849537037037 0.0466820987654321 0.18200231481481483 0.4214891975308642 0.17216435185185186 0.4251543209876543 0.2667824074074074 0.41512345679012347 0.2821180555555556 0.43074845679012347 0.30324074074074076 0.43287037037037035 0.3237847222222222 0.4411651234567901 0.3414351851851852
0 0.330054012345679 0.10387731481481481 0.07716049382716049 0.20775462962962962 0.2978395061728395 0.0023148148148148147 0.31809413580246915 0.052662037037037035 0.36149691358024694 0.10706018518518519 0.3283179012345679 0.0853587962962963 0.32233796296296297 0.11631944444444445 0.3159722222222222 0.2025462962962963
0 0.35734953703703703 0.21513310185185186 0.044945987654320986 0.1953125 -0.00019290123456790122 -0.00028935185185185184 -0.00019290123456790122 -0.00028935185185185184 -0.00019290123456790122 -0.00028935185185185184 -0.00019290123456790122 -0.00028935185185185184 -0.00019290123456790122 -0.00028935185185185184 -0.00019290123456790122 -0.00028935185185185184
0 0.07021604938271606 0.0826099537037037 0.06172839506172839 0.15538194444444445 -0.00019290123456790122 -0.00028935185185185184 -0.00019290123456790122 -0.00028935185185185184 -0.00019290123456790122 -0.00028935185185185184 -0.00019290123456790122 -0.00028935185185185184 -0.00019290123456790122 -0.00028935185185185184 -0.00019290123456790122 -0.00028935185185185184
0 0.19907407407407407 0.09461805555555555 0.014660493827160493 0.06886574074074074 0.19386574074074073 0.0625 0.19945987654320987 0.09664351851851852 0.2029320987654321 0.1009837962962963 0.19675925925925927 0.11429398148148148 0.19753086419753085 0.12094907407407407 0.19598765432098766 0.1255787037037037
0 0.11352237654320987 0.6040219907407407 0.07310956790123457 0.1484375 0.08275462962962964 0.5749421296296297 0.08449074074074074 0.6536458333333334 0.14795524691358025 0.5379050925925926 0.09857253086419752 0.6527777777777778 0.09953703703703703 0.6675347222222222 0.10706018518518519 0.6770833333333334
0 0.38483796296296297 0.43778935185185186 0.06327160493827161 0.24305555555555555 0.3549382716049383 0.40133101851851855 0.38252314814814814 0.5153356481481481 0.41550925925925924 0.32233796296296297 0.3929398148148148 0.5104166666666666 0.388695987654321 0.5263310185185185 0.3761574074074074 0.5523726851851852
0 0.3107638888888889 0.4469039351851852 0.040123456790123455 0.06741898148148148 -0.00019290123456790122 -0.00028935185185185184 -0.00019290123456790122 -0.00028935185185185184 -0.00019290123456790122 -0.00028935185185185184 -0.00019290123456790122 -0.00028935185185185184 -0.00019290123456790122 -0.00028935185185185184 -0.00019290123456790122 -0.00028935185185185184
0 0.28125 0.4166666666666667 0.1427469135802469 0.31539351851851855 0.21412037037037038 0.3350694444444444 0.28896604938271603 0.46383101851851855 0.35185185185185186 0.2644675925925926 0.310570987654321 0.46672453703703703 0.3134645061728395 0.49074074074074076 0.3449074074074074 0.5723379629629629
