0 0.24893904320987653 0.8151041666666666 0.04610339506172839 0.16666666666666666 -0.00019290123456790122 -0.00028935185185185184 -0.00019290123456790122 -0.00028935185185185184 -0.00019290123456790122 -0.00028935185185185184 -0.00019290123456790122 -0.00028935185185185184 -0.00019290123456790122 -0.00028935185185185184 -0.00019290123456790122 -0.00028935185185185184
0 0.30256558641975306 0.9225983796296297 0.024112654320987654 0.08072916666666667 -0.00019290123456790122 -0.00028935185185185184 -0.00019290123456790122 -0.00028935185185185184 -0.00019290123456790122 -0.00028935185185185184 -0.00019290123456790122 -0.00028935185185185184 -0.00019290123456790122 -0.00028935185185185184 -0.00019290123456790122 -0.00028935185185185184
0 0.44753086419753085 0.2595486111111111 0.08873456790123457 0.5075231481481481 0.4392361111111111 0.19010416666666666 0.47337962962962965 0.3828125 0.4236111111111111 0.010416666666666666 0.4672067901234568 0.38483796296296297 0.47280092592592593 0.4071180555555556 0.4832175925925926 0.5095486111111112
0 0.6898148148148148 0.49204282407407407 0.3055555555555556 0.5384837962962963 0.5445601851851852 0.3616898148148148 0.5806327160493827 0.6102430555555556 0.8395061728395061 0.24508101851851852 0.6047453703703703 0.6186342592592593 0.5954861111111112 0.6623263888888888 0.6030092592592593 0.7528935185185185
0 0.5574845679012346 0.27199074074074076 0.10493827160493827 0.3304398148148148 0.5100308641975309 0.2199074074074074 0.5530478395061729 0.3443287037037037 0.5995370370370371 0.10966435185185185 0.5617283950617284 0.3550347222222222 0.5582561728395061 0.3822337962962963 0.5597993827160493 0.4320023148148148
0 0.7062114197530864 0.8857060185185185 0.016975308641975308 0.08449074074074074 -0.00019290123456790122 -0.00028935185185185184 -0.00019290123456790122 -0.00028935185185185184 -0.00019290123456790122 -0.00028935185185185184 -0.00019290123456790122 -0.00028935185185185184 -0.00019290123456790122 -0.00028935185185185184 -0.00019290123456790122 -0.00028935185185185184
0 0.7721836419753086 0.9004629629629629 0.018518518518518517 0.06481481481481481 -0.00019290123456790122 -0.00028935185185185184 -0.00019290123456790122 -0.00028935185185185184 -0.00019290123456790122 -0.00028935185185185184 -0.00019290123456790122 -0.00028935185185185184 -0.00019290123456790122 -0.00028935185185185184 -0.00019290123456790122 -0.00028935185185185184
0 0.8370949074074074 0.8723958333333334 0.036458333333333336 0.07291666666666667 -0.00019290123456790122 -0.00028935185185185184 -0.00019290123456790122 -0.00028935185185185184 -0.00019290123456790122 -0.00028935185185185184 -0.00019290123456790122 -0.00028935185185185184 -0.00019290123456790122 -0.00028935185185185184 -0.00019290123456790122 -0.00028935185185185184
0 0.845679012345679 0.7349537037037037 0.031635802469135804 0.1267361111111111 -0.00019290123456790122 -0.00028935185185185184 -0.00019290123456790122 -0.00028935185185185184 -0.00019290123456790122 -0.00028935185185185184 -0.00019290123456790122 -0.00028935185185185184 -0.00019290123456790122 -0.00028935185185185184 -0.00019290123456790122 -0.00028935185185185184
0 0.7445987654320988 0.7537615740740741 0.05131172839506173 0.10185185185185185 -0.00019290123456790122 -0.00028935185185185184 -0.00019290123456790122 -0.00028935185185185184 -0.00019290123456790122 -0.00028935185185185184 -0.00019290123456790122 -0.00028935185185185184 -0.00019290123456790122 -0.00028935185185185184 -0.00019290123456790122 -0.00028935185185185184
