0 0.5384837962962963 0.44632523148148145 0.10050154320987655 0.2942708333333333 0.5353009259259259 0.3046875 0.5115740740740741 0.4435763888888889 0.5850694444444444 0.35908564814814814 0.5219907407407407 0.4965277777777778 0.5109953703703703 0.5190972222222222 0.4940200617283951 0.5865162037037037
0 0.34915123456790126 0.5865162037037037 0.031635802469135804 0.10127314814814815 0.33661265432098764 0.5407986111111112 0.34587191358024694 0.6047453703703703 0.3620756172839506 0.6021412037037037 0.3487654320987654 0.6177662037037037 0.3557098765432099 0.6238425925925926 0.3616898148148148 0.6307870370370371
0 0.4378858024691358 0.5692997685185185 0.0466820987654321 0.20688657407407407 0.4554398148148148 0.5341435185185185 0.44502314814814814 0.5850694444444444 0.4425154320987654 0.5208333333333334 0.4367283950617284 0.5839120370370371 0.43287037037037035 0.6119791666666666 0.419945987654321 0.6707175925925926
0 0.1583719135802469 0.2630208333333333 0.06442901234567901 0.14814814814814814 0.17650462962962962 0.19560185185185186 0.15952932098765432 0.2838541666666667 0.13483796296296297 0.21498842592592593 0.1548996913580247 0.2951388888888889 0.1560570987654321 0.31452546296296297 0.1574074074074074 0.33130787037037035
0 0.13551311728395063 0.04788773148148148 0.04610339506172839 0.09577546296296297 0.12384259259259259 0.0026041666666666665 0.12249228395061729 0.05005787037037037 0.1568287037037037 0.010416666666666666 0.12172067901234568 0.057291666666666664 0.12075617283950617 0.06365740740740741 0.11709104938271606 0.07609953703703703
0 0.3489583333333333 0.8836805555555556 0.033179012345679014 0.0954861111111111 0.35146604938271603 0.8495370370370371 0.3568672839506173 0.9195601851851852 0.3441358024691358 0.8408564814814815 0.35185185185185186 0.9157986111111112 0.3603395061728395 0.9270833333333334 0.36226851851851855 0.9302662037037037
0 0.3411458333333333 0.9380787037037037 0.03993055555555555 0.06076388888888889 0.34375 0.9117476851851852 0.35185185185185186 0.9363425925925926 0.3292824074074074 0.9409722222222222 0.3543595679012346 0.9490740740740741 0.3576388888888889 0.9612268518518519 0.359375 0.9655671296296297
0 0.5197723765432098 0.7941261574074074 0.08468364197530864 0.07667824074074074 -0.00019290123456790122 -0.00028935185185185184 -0.00019290123456790122 -0.00028935185185185184 -0.00019290123456790122 -0.00028935185185185184 -0.00019290123456790122 -0.00028935185185185184 -0.00019290123456790122 -0.00028935185185185184 -0.00019290123456790122 -0.00028935185185185184
0 0.4790702160493827 0.9013310185185185 0.060378086419753084 0.18171296296296297 0.4868827160493827 0.8969907407407407 0.4654706790123457 0.9594907407407407 0.5011574074074074 0.8156828703703703 0.4712577160493827 0.9528356481481481 0.4643132716049383 0.9652777777777778 0.4508101851851852 0.9881365740740741
0 0.691454475308642 0.8260995370370371 0.028356481481481483 0.19502314814814814 0.6900077160493827 0.8194444444444444 0.6873070987654321 0.8981481481481481 0.6919367283950617 0.7332175925925926 0.6822916666666666 0.8868634259259259 0.6819058641975309 0.9065393518518519 0.6797839506172839 0.9201388888888888
0 0.7072723765432098 0.9285300925925926 0.043402777777777776 0.05960648148148148 0.7270447530864198 0.9163773148148148 0.6983024691358025 0.9551504629629629 0.7193287037037037 0.9021990740740741 0.6965663580246914 0.9380787037037037 0.691358024691358 0.9499421296296297 0.6876929012345679 0.9496527777777778
0 0.6783371913580247 0.4991319444444444 0.07040895061728394 0.24710648148148148 0.7096836419753086 0.37876157407407407 0.6799768518518519 0.5338541666666666 0.6635802469135802 0.4331597222222222 0.671875 0.5234375 0.6739969135802469 0.5561342592592593 0.6685956790123457 0.6203703703703703
0 0.9008487654320988 0.34664351851851855 0.07291666666666667 0.2586805555555556 0.8738425925925926 0.296875 0.8809799382716049 0.3990162037037037 0.9118441358024691 0.22164351851851852 0.8902391975308642 0.4134837962962963 0.8885030864197531 0.43287037037037035 0.8931327160493827 0.46903935185185186
0 0.8575424382716049 0.26186342592592593 0.08198302469135803 0.22800925925925927 0.8366126543209876 0.14988425925925927 0.8198302469135802 0.2751736111111111 0.894483024691358 0.17766203703703703 0.8335262345679012 0.2945601851851852 0.8277391975308642 0.31741898148148145 0.8327546296296297 0.36921296296296297
0 0.6482445987654321 0.12919560185185186 0.11554783950617284 0.1021412037037037 0.623070987654321 0.1333912037037037 0.6116898148148148 0.13831018518518517 0.7046682098765432 0.14207175925925927 0.6182484567901234 0.1388888888888889 0.6101466049382716 0.15393518518518517 0.5945216049382716 0.1753472222222222
