0 0.06404320987654322 0.43156828703703703 0.08063271604938271 0.3191550925925926 0.04861111111111111 0.31741898148148145 0.052083333333333336 0.4913194444444444 0.04205246913580247 0.2769097222222222 0.07040895061728394 0.5037615740740741 0.0787037037037037 0.5280671296296297 0.09992283950617284 0.5856481481481481
0 0.1341628086419753 0.47294560185185186 0.12943672839506173 0.2410300925925926 0.19309413580246915 0.35619212962962965 0.19521604938271606 0.5318287037037037 0.07349537037037036 0.5081018518518519 0.1869212962962963 0.5480324074074074 0.1909722222222222 0.5674189814814815 0.19270833333333334 0.5862268518518519
0 0.5706018518518519 0.7300347222222222 0.11149691358024691 0.14699074074074073 0.5380015432098766 0.7100694444444444 0.5453317901234568 0.7769097222222222 0.6232638888888888 0.6603009259259259 0.5524691358024691 0.7705439814814815 0.5401234567901234 0.7829861111111112 0.5179398148148148 0.7980324074074074
0 0.5030864197530864 0.6963252314814815 0.033950617283950615 0.09056712962962964 -0.00019290123456790122 -0.00028935185185185184 -0.00019290123456790122 -0.00028935185185185184 -0.00019290123456790122 -0.00028935185185185184 -0.00019290123456790122 -0.00028935185185185184 -0.00019290123456790122 -0.00028935185185185184 -0.00019290123456790122 -0.00028935185185185184
0 0.38937114197530864 0.5726273148148148 0.04224537037037037 0.23032407407407407 -0.00019290123456790122 -0.00028935185185185184 -0.00019290123456790122 -0.00028935185185185184 -0.00019290123456790122 -0.00028935185185185184 -0.00019290123456790122 -0.00028935185185185184 -0.00019290123456790122 -0.00028935185185185184 -0.00019290123456790122 -0.00028935185185185184
0 0.3940007716049383 0.3861400462962963 0.10474537037037036 0.2664930555555556 0.38483796296296297 0.25810185185185186 0.40760030864197533 0.4088541666666667 0.3433641975308642 0.3828125 0.4085648148148148 0.4476273148148148 0.4214891975308642 0.47077546296296297 0.4407793209876543 0.5130208333333334
0 0.8260030864197531 0.5979456018518519 0.04552469135802469 0.0546875 -0.00019290123456790122 -0.00028935185185185184 -0.00019290123456790122 -0.00028935185185185184 -0.00019290123456790122 -0.00028935185185185184 -0.00019290123456790122 -0.00028935185185185184 -0.00019290123456790122 -0.00028935185185185184 -0.00019290123456790122 -0.00028935185185185184
0 0.8532986111111112 0.3502604166666667 0.09625771604938271 0.18836805555555555 0.8373842592592593 0.28703703703703703 0.8123070987654321 0.3833912037037037 0.8996913580246914 0.2601273148148148 0.8169367283950617 0.38686342592592593 0.8153935185185185 0.40248842592592593 0.8084490740740741 0.4409722222222222
0 0.6970486111111112 0.38686342592592593 0.07928240740740741 0.33796296296296297 0.7195216049382716 0.2879050925925926 0.6766975308641975 0.4348958333333333 0.7145061728395061 0.22366898148148148 0.6815200617283951 0.4554398148148148 0.675733024691358 0.4817708333333333 0.6591435185185185 0.5523726851851852
0 0.5479359567901234 0.2349537037037037 0.05922067901234568 0.16377314814814814 0.5484182098765432 0.1579861111111111 0.5617283950617284 0.2612847222222222 0.5221836419753086 0.18113425925925927 0.5567129629629629 0.2612847222222222 0.5628858024691358 0.2786458333333333 0.5733024691358025 0.3125
