0 0.20495756172839505 0.3414351851851852 0.10860339506172839 0.28587962962962965 0.1537422839506173 0.2682291666666667 0.23707561728395063 0.38917824074074076 0.24305555555555555 0.2048611111111111 0.24556327160493827 0.37876157407407407 0.2525077160493827 0.4157986111111111 0.24594907407407407 0.4771412037037037
0 0.29581404320987653 0.6964699074074074 0.041859567901234566 0.08275462962962964 -0.00019290123456790122 -0.00028935185185185184 -0.00019290123456790122 -0.00028935185185185184 -0.00019290123456790122 -0.00028935185185185184 -0.00019290123456790122 -0.00028935185185185184 -0.00019290123456790122 -0.00028935185185185184 -0.00019290123456790122 -0.00028935185185185184
0 0.390625 0.8130787037037037 0.022762345679012346 0.10011574074074074 -0.00019290123456790122 -0.00028935185185185184 -0.00019290123456790122 -0.00028935185185185184 -0.00019290123456790122 -0.00028935185185185184 -0.00019290123456790122 -0.00028935185185185184 -0.00019290123456790122 -0.00028935185185185184 -0.00019290123456790122 -0.00028935185185185184
0 0.35204475308641975 0.9016203703703703 0.02662037037037037 0.03298611111111111 -0.00019290123456790122 -0.00028935185185185184 -0.00019290123456790122 -0.00028935185185185184 -0.00019290123456790122 -0.00028935185185185184 -0.00019290123456790122 -0.00028935185185185184 -0.00019290123456790122 -0.00028935185185185184 -0.00019290123456790122 -0.00028935185185185184
0 0.4132908950617284 0.5135995370370371 0.2038966049382716 0.4618055555555556 0.3159722222222222 0.3431712962962963 0.44232253086419754 0.5526620370370371 0.48302469135802467 0.29108796296296297 0.47800925925925924 0.5844907407407407 0.4799382716049383 0.6310763888888888 0.5079089506172839 0.7413194444444444
0 0.5424382716049383 0.6611689814814815 0.06905864197530864 0.0954861111111111 -0.00019290123456790122 -0.00028935185185185184 -0.00019290123456790122 -0.00028935185185185184 -0.00019290123456790122 -0.00028935185185185184 -0.00019290123456790122 -0.00028935185185185184 -0.00019290123456790122 -0.00028935185185185184 -0.00019290123456790122 -0.00028935185185185184
0 0.5469714506172839 0.7199074074074074 0.04996141975308642 0.10416666666666667 -0.00019290123456790122 -0.00028935185185185184 -0.00019290123456790122 -0.00028935185185185184 -0.00019290123456790122 -0.00028935185185185184 -0.00019290123456790122 -0.00028935185185185184 -0.00019290123456790122 -0.00028935185185185184 -0.00019290123456790122 -0.00028935185185185184
0 0.5463927469135802 0.8447627314814815 0.10050154320987655 0.31047453703703703 0.5 0.7633101851851852 0.5353009259259259 0.9184027777777778 0.5939429012345679 0.7010995370370371 0.5474537037037037 0.9114583333333334 0.5461033950617284 0.9372106481481481 0.5271990740740741 0.9973958333333334
0 0.6838348765432098 0.9263599537037037 0.04128086419753087 0.1472800925925926 -0.00019290123456790122 -0.00028935185185185184 -0.00019290123456790122 -0.00028935185185185184 -0.00019290123456790122 -0.00028935185185185184 -0.00019290123456790122 -0.00028935185185185184 -0.00019290123456790122 -0.00028935185185185184 -0.00019290123456790122 -0.00028935185185185184
0 0.9184992283950617 0.9282407407407407 0.16300154320987653 0.1417824074074074 0.839891975308642 0.8631365740740741 0.8809799382716049 0.9343171296296297 0.9978780864197531 0.9861111111111112 0.8873456790123457 0.9484953703703703 0.8736496913580247 0.9577546296296297 0.8464506172839507 0.9933449074074074
