0 0.1095679012345679 0.26591435185185186 0.0779320987654321 0.14814814814814814 0.13001543209876543 0.22424768518518517 0.14390432098765432 0.2913773148148148 0.07330246913580248 0.2042824074074074 0.13618827160493827 0.28443287037037035 0.13773148148148148 0.30844907407407407 0.13136574074074073 0.33912037037037035
0 0.2490354938271605 0.2782118055555556 0.0470679012345679 0.09519675925925926 -0.00019290123456790122 -0.00028935185185185184 -0.00019290123456790122 -0.00028935185185185184 -0.00019290123456790122 -0.00028935185185185184 -0.00019290123456790122 -0.00028935185185185184 -0.00019290123456790122 -0.00028935185185185184 -0.00019290123456790122 -0.00028935185185185184
0 0.22935956790123457 0.32132523148148145 0.07407407407407407 0.14380787037037038 0.19483024691358025 0.25289351851851855 0.2195216049382716 0.3420138888888889 0.25308641975308643 0.2838541666666667 0.2355324074074074 0.3570601851851852 0.23726851851851852 0.37008101851851855 0.2629243827160494 0.38773148148148145
0 0.5574845679012346 0.4359085648148148 0.020833333333333332 0.0697337962962963 -0.00019290123456790122 -0.00028935185185185184 -0.00019290123456790122 -0.00028935185185185184 -0.00019290123456790122 -0.00028935185185185184 -0.00019290123456790122 -0.00028935185185185184 -0.00019290123456790122 -0.00028935185185185184 -0.00019290123456790122 -0.00028935185185185184
0 0.5583526234567902 0.3297164351851852 0.08159722222222222 0.2751736111111111 0.597608024691358 0.1958912037037037 0.5839120370370371 0.32494212962962965 0.5200617283950617 0.20167824074074073 0.5731095679012346 0.3431712962962963 0.5775462962962963 0.3616898148148148 0.5947145061728395 0.46412037037037035
0 0.6751543209876543 0.4448784722222222 0.05285493827160494 0.20283564814814814 0.6932870370370371 0.35011574074074076 0.685570987654321 0.4348958333333333 0.6510416666666666 0.3498263888888889 0.6778549382716049 0.4386574074074074 0.6813271604938271 0.4539930555555556 0.6984953703703703 0.5434027777777778
0 0.7146026234567902 0.4014756944444444 0.03993055555555555 0.09461805555555555 -0.00019290123456790122 -0.00028935185185185184 -0.00019290123456790122 -0.00028935185185185184 -0.00019290123456790122 -0.00028935185185185184 -0.00019290123456790122 -0.00028935185185185184 -0.00019290123456790122 -0.00028935185185185184 -0.00019290123456790122 -0.00028935185185185184
0 0.8413387345679012 0.42563657407407407 0.052662037037037035 0.13483796296296297 0.8665123456790124 0.36921296296296297 0.8526234567901234 0.4609375 0.8165509259259259 0.3616898148148148 0.8462577160493827 0.46469907407407407 0.8532021604938271 0.4765625 0.8551311728395061 0.48900462962962965
0 0.9552469135802469 0.4056712962962963 0.010802469135802469 0.03414351851851852 -0.00019290123456790122 -0.00028935185185185184 -0.00019290123456790122 -0.00028935185185185184 -0.00019290123456790122 -0.00028935185185185184 -0.00019290123456790122 -0.00028935185185185184 -0.00019290123456790122 -0.00028935185185185184 -0.00019290123456790122 -0.00028935185185185184
0 0.8294753086419753 0.8292824074074074 0.1566358024691358 0.1568287037037037 0.7536651234567902 0.7549189814814815 0.7876157407407407 0.8535879629629629 0.9052854938271605 0.8532986111111112 0.798804012345679 0.8692129629629629 0.7881944444444444 0.8784722222222222 0.7723765432098766 0.90625
0 0.3880208333333333 0.5972222222222222 0.07310956790123457 0.27314814814814814 0.35455246913580246 0.5532407407407407 0.3958333333333333 0.6440972222222222 0.392554012345679 0.4664351851851852 0.40412808641975306 0.6484375 0.4060570987654321 0.6721643518518519 0.41898148148148145 0.7311921296296297
0 0.3343942901234568 0.8315972222222222 0.04533179012345679 0.12789351851851852 0.31385030864197533 0.7717013888888888 0.3285108024691358 0.8376736111111112 0.33545524691358025 0.8619791666666666 0.33217592592592593 0.8480902777777778 0.34162808641975306 0.8680555555555556 0.3533950617283951 0.8929398148148148
0 0.14216820987654322 0.9709201388888888 0.020833333333333332 0.055844907407407406 -0.00019290123456790122 -0.00028935185185185184 -0.00019290123456790122 -0.00028935185185185184 -0.00019290123456790122 -0.00028935185185185184 -0.00019290123456790122 -0.00028935185185185184 -0.00019290123456790122 -0.00028935185185185184 -0.00019290123456790122 -0.00028935185185185184
0 0.16203703703703703 0.9625289351851852 0.055169753086419755 0.07494212962962964 -0.00019290123456790122 -0.00028935185185185184 -0.00019290123456790122 -0.00028935185185185184 -0.00019290123456790122 -0.00028935185185185184 -0.00019290123456790122 -0.00028935185185185184 -0.00019290123456790122 -0.00028935185185185184 -0.00019290123456790122 -0.00028935185185185184
0 0.1341628086419753 0.7824074074074074 0.04841820987654321 0.14293981481481483 0.11284722222222222 0.7175925925925926 0.11766975308641975 0.8067129629629629 0.15027006172839505 0.7913773148148148 0.12268518518518519 0.8093171296296297 0.11979166666666667 0.8237847222222222 0.11728395061728394 0.8451967592592593
0 0.3031442901234568 0.8080150462962963 0.0935570987654321 0.3237847222222222 0.25925925925925924 0.7167245370370371 0.3038194444444444 0.8434606481481481 0.33699845679012347 0.6536458333333334 0.31905864197530864 0.8425925925925926 0.31828703703703703 0.8761574074074074 0.3275462962962963 0.9618055555555556
0 0.053530092592592594 0.7080439814814815 0.07310956790123457 0.18518518518518517 0.019097222222222224 0.6200810185185185 0.04841820987654321 0.7126736111111112 0.08757716049382716 0.6501736111111112 0.05941358024691358 0.7144097222222222 0.05922067901234568 0.7358217592592593 0.07118055555555555 0.796875
0 0.20052083333333334 0.6196469907407407 0.07542438271604938 0.16637731481481483 0.16512345679012347 0.5445601851851852 0.20891203703703703 0.6203703703703703 0.2326388888888889 0.5396412037037037 0.22550154320987653 0.6304976851851852 0.22202932098765432 0.6536458333333334 0.22299382716049382 0.6990740740740741
0 0.20302854938271606 0.5164930555555556 0.07619598765432099 0.125 0.16608796296296297 0.4583333333333333 0.20736882716049382 0.5260416666666666 0.2357253086419753 0.4756944444444444 0.22280092592592593 0.5486111111111112 0.2199074074074074 0.5572916666666666 0.2173996913580247 0.5734953703703703
0 0.1013695987654321 0.49291087962962965 0.06655092592592593 0.1646412037037037 -0.00019290123456790122 -0.00028935185185185184 -0.00019290123456790122 -0.00028935185185185184 -0.00019290123456790122 -0.00028935185185185184 -0.00019290123456790122 -0.00028935185185185184 -0.00019290123456790122 -0.00028935185185185184 -0.00019290123456790122 -0.00028935185185185184
0 0.15326003086419754 0.43764467592592593 0.05922067901234568 0.24913194444444445 0.1253858024691358 0.35966435185185186 0.14525462962962962 0.45630787037037035 0.16666666666666666 0.3151041666666667 0.1556712962962963 0.4670138888888889 0.1556712962962963 0.4832175925925926 0.16068672839506173 0.5587384259259259
