0 0.3393132716049383 0.7863136574074074 0.10725308641975309 0.21614583333333334 0.35050154320987653 0.7563657407407407 0.3809799382716049 0.8275462962962963 0.28915895061728397 0.7129629629629629 0.3746141975308642 0.8324652777777778 0.3809799382716049 0.8544560185185185 0.388695987654321 0.8891782407407407
0 0.07272376543209877 0.43388310185185186 0.022376543209876542 0.09056712962962964 -0.00019290123456790122 -0.00028935185185185184 -0.00019290123456790122 -0.00028935185185185184 -0.00019290123456790122 -0.00028935185185185184 -0.00019290123456790122 -0.00028935185185185184 -0.00019290123456790122 -0.00028935185185185184 -0.00019290123456790122 -0.00028935185185185184
0 0.2857831790123457 0.21180555555555555 0.08815586419753087 0.3142361111111111 0.24382716049382716 0.13483796296296297 0.2808641975308642 0.23234953703703703 0.30594135802469136 0.060474537037037035 0.3001543209876543 0.2410300925925926 0.30439814814814814 0.26099537037037035 0.3254243827160494 0.36226851851851855
0 0.6629050925925926 0.6252893518518519 0.10667438271604938 0.19039351851851852 0.7143132716049383 0.5344328703703703 0.6886574074074074 0.6576967592592593 0.6116898148148148 0.5546875 0.6739969135802469 0.6710069444444444 0.6741898148148148 0.6863425925925926 0.6637731481481481 0.7181712962962963
0 0.6124614197530864 0.8106192129629629 0.04128086419753087 0.10040509259259259 0.6292438271604939 0.7745949074074074 0.6172839506172839 0.8116319444444444 0.6022376543209876 0.7853009259259259 0.6047453703703703 0.8171296296296297 0.6035879629629629 0.8353587962962963 0.5931712962962963 0.8573495370370371
0 0.7832754629629629 0.6219618055555556 0.044174382716049385 0.07494212962962964 -0.00019290123456790122 -0.00028935185185185184 -0.00019290123456790122 -0.00028935185185185184 -0.00019290123456790122 -0.00028935185185185184 -0.00019290123456790122 -0.00028935185185185184 -0.00019290123456790122 -0.00028935185185185184 -0.00019290123456790122 -0.00028935185185185184
0 0.9100115740740741 0.6883680555555556 0.03993055555555555 0.08564814814814815 -0.00019290123456790122 -0.00028935185185185184 -0.00019290123456790122 -0.00028935185185185184 -0.00019290123456790122 -0.00028935185185185184 -0.00019290123456790122 -0.00028935185185185184 -0.00019290123456790122 -0.00028935185185185184 -0.00019290123456790122 -0.00028935185185185184
0 0.5547839506172839 0.2378472222222222 0.04861111111111111 0.25810185185185186 -0.00019290123456790122 -0.00028935185185185184 -0.00019290123456790122 -0.00028935185185185184 -0.00019290123456790122 -0.00028935185185185184 -0.00019290123456790122 -0.00028935185185185184 -0.00019290123456790122 -0.00028935185185185184 -0.00019290123456790122 -0.00028935185185185184
0 0.2915702160493827 0.5930266203703703 0.11940586419753087 0.1629050925925926 0.32426697530864196 0.5315393518518519 0.3265817901234568 0.6371527777777778 0.2341820987654321 0.5141782407407407 0.31867283950617287 0.6469907407407407 0.3279320987654321 0.6582754629629629 0.3479938271604938 0.6721643518518519
0 0.5390625 0.8282696759259259 0.11863425925925926 0.19241898148148148 0.5221836419753086 0.7913773148148148 0.5028935185185185 0.8469328703703703 0.5929783950617284 0.7445023148148148 0.5063657407407407 0.8344907407407407 0.5013503086419753 0.8625578703703703 0.4847608024691358 0.9163773148148148
