0 0.15692515432098766 0.5833333333333334 0.06577932098765432 0.2065972222222222 -0.00019290123456790122 -0.00028935185185185184 -0.00019290123456790122 -0.00028935185185185184 -0.00019290123456790122 -0.00028935185185185184 -0.00019290123456790122 -0.00028935185185185184 -0.00019290123456790122 -0.00028935185185185184 -0.00019290123456790122 -0.00028935185185185184
0 0.3888888888888889 0.5434027777777778 0.056712962962962965 0.13657407407407407 0.38657407407407407 0.5280671296296297 0.4070216049382716 0.5752314814814815 0.3630401234567901 0.4791666666666667 0.39969135802469136 0.5720486111111112 0.4054783950617284 0.5888310185185185 0.41377314814814814 0.6087962962962963
0 0.486304012345679 0.6362847222222222 0.08410493827160494 0.09780092592592593 0.4851466049382716 0.6035879629629629 0.451195987654321 0.6692708333333334 0.527391975308642 0.6079282407407407 0.4581404320987654 0.6753472222222222 0.45100308641975306 0.6799768518518519 0.44830246913580246 0.6840277777777778
0 0.6086998456790124 0.6430844907407407 0.07696759259259259 0.17042824074074073 -0.00019290123456790122 -0.00028935185185185184 -0.00019290123456790122 -0.00028935185185185184 -0.00019290123456790122 -0.00028935185185185184 -0.00019290123456790122 -0.00028935185185185184 -0.00019290123456790122 -0.00028935185185185184 -0.00019290123456790122 -0.00028935185185185184
0 0.8051697530864198 0.5850694444444444 0.1875 0.19675925925925927 0.7766203703703703 0.5760995370370371 0.7451774691358025 0.6357060185185185 0.8952546296296297 0.49537037037037035 0.7503858024691358 0.6467013888888888 0.7353395061728395 0.6608796296296297 0.716820987654321 0.6782407407407407
0 0.7100694444444444 0.7174479166666666 0.06597222222222222 0.17447916666666666 -0.00019290123456790122 -0.00028935185185185184 -0.00019290123456790122 -0.00028935185185185184 -0.00019290123456790122 -0.00028935185185185184 -0.00019290123456790122 -0.00028935185185185184 -0.00019290123456790122 -0.00028935185185185184 -0.00019290123456790122 -0.00028935185185185184
0 0.6790123456790124 0.6759259259259259 0.0470679012345679 0.17939814814814814 -0.00019290123456790122 -0.00028935185185185184 -0.00019290123456790122 -0.00028935185185185184 -0.00019290123456790122 -0.00028935185185185184 -0.00019290123456790122 -0.00028935185185185184 -0.00019290123456790122 -0.00028935185185185184 -0.00019290123456790122 -0.00028935185185185184
0 0.7884837962962963 0.43938078703703703 0.1275077160493827 0.17332175925925927 -0.00019290123456790122 -0.00028935185185185184 -0.00019290123456790122 -0.00028935185185185184 -0.00019290123456790122 -0.00028935185185185184 -0.00019290123456790122 -0.00028935185185185184 -0.00019290123456790122 -0.00028935185185185184 -0.00019290123456790122 -0.00028935185185185184
0 0.7601273148148148 0.17390046296296297 0.08159722222222222 0.23668981481481483 -0.00019290123456790122 -0.00028935185185185184 -0.00019290123456790122 -0.00028935185185185184 -0.00019290123456790122 -0.00028935185185185184 -0.00019290123456790122 -0.00028935185185185184 -0.00019290123456790122 -0.00028935185185185184 -0.00019290123456790122 -0.00028935185185185184
0 0.5620177469135802 0.29267939814814814 0.061921296296296294 0.21383101851851852 0.5798611111111112 0.2662037037037037 0.5912422839506173 0.34837962962962965 0.533179012345679 0.19155092592592593 0.5835262345679012 0.3454861111111111 0.5869984567901234 0.3645833333333333 0.5895061728395061 0.3958333333333333
0 0.5049189814814815 0.4302662037037037 0.08854166666666667 0.22685185185185186 0.48302469135802467 0.39438657407407407 0.47357253086419754 0.48234953703703703 0.546875 0.32320601851851855 0.48148148148148145 0.4913194444444444 0.47588734567901236 0.5043402777777778 0.4672067901234568 0.5373263888888888
