0 0.125 0.07841435185185185 0.0466820987654321 0.1568287037037037 0.12789351851851852 0.0005787037037037037 0.1410108024691358 0.053530092592592594 0.12191358024691358 0.0028935185185185184 0.13155864197530864 0.055844907407407406 0.13097993827160495 0.08101851851851852 0.11554783950617284 0.15104166666666666
0 0.37123842592592593 0.5688657407407407 0.05497685185185185 0.11805555555555555 0.34857253086419754 0.5124421296296297 0.373070987654321 0.5679976851851852 0.3705632716049383 0.6099537037037037 0.3759645061728395 0.5885416666666666 0.38773148148148145 0.6009837962962963 0.3950617283950617 0.6244212962962963
0 0.3726851851851852 0.38382523148148145 0.06172839506172839 0.1958912037037037 0.35551697530864196 0.40827546296296297 0.3738425925925926 0.41377314814814814 0.3559027777777778 0.2907986111111111 0.37712191358024694 0.4079861111111111 0.3800154320987654 0.4241898148148148 0.39949845679012347 0.47800925925925924
0 0.45611496913580246 0.3599537037037037 0.06925154320987655 0.22280092592592593 0.4783950617283951 0.3504050925925926 0.4359567901234568 0.3978587962962963 0.4853395061728395 0.25144675925925924 0.4338348765432099 0.3914930555555556 0.43209876543209874 0.4079861111111111 0.423804012345679 0.46498842592592593
0 0.6223958333333334 0.46730324074074076 0.09934413580246913 0.1730324074074074 0.5954861111111112 0.3839699074074074 0.6101466049382716 0.4791666666666667 0.668016975308642 0.5060763888888888 0.6165123456790124 0.5037615740740741 0.6051311728395061 0.5083912037037037 0.5775462962962963 0.5491898148148148
0 0.7348572530864198 0.29832175925925924 0.0626929012345679 0.08738425925925926 0.7334104938271605 0.26157407407407407 0.7266589506172839 0.26967592592592593 0.7633101851851852 0.3307291666666667 0.7337962962962963 0.2708333333333333 0.722608024691358 0.2977430555555556 0.7079475308641975 0.3394097222222222
0 0.7928240740740741 0.7557870370370371 0.14814814814814814 0.2743055555555556 0.8640046296296297 0.6498842592592593 0.8179012345679012 0.7248263888888888 0.7229938271604939 0.6449652777777778 0.7974537037037037 0.7586805555555556 0.8042052469135802 0.7771990740740741 0.8036265432098766 0.8871527777777778
0 0.3904320987654321 0.6982060185185185 0.16049382716049382 0.1244212962962963 0.42052469135802467 0.6689814814814815 0.4508101851851852 0.7201967592592593 0.3136574074074074 0.6791087962962963 0.4371141975308642 0.7230902777777778 0.4565972222222222 0.7199074074074074 0.46875 0.7132523148148148
0 0.09519675925925926 0.44068287037037035 0.19039351851851852 0.42997685185185186 0.07079475308641975 0.4212962962962963 0.10127314814814815 0.49363425925925924 0.0015432098765432098 0.3159722222222222 0.11072530864197531 0.49971064814814814 0.11940586419753087 0.5144675925925926 0.1876929012345679 0.6510416666666666
0 0.7493248456790124 0.05092592592592592 0.03838734567901234 0.10185185185185185 0.765625 0.0023148148148148147 0.7598379629629629 0.03530092592592592 0.7357253086419753 0.016203703703703703 0.7555941358024691 0.06481481481481481 0.7590663580246914 0.07436342592592593 0.7663966049382716 0.09780092592592593
