0 0.37355324074074076 0.8977141203703703 0.1417824074074074 0.1987847222222222 -0.00019290123456790122 -0.00028935185185185184 -0.00019290123456790122 -0.00028935185185185184 -0.00019290123456790122 -0.00028935185185185184 -0.00019290123456790122 -0.00028935185185185184 -0.00019290123456790122 -0.00028935185185185184 -0.00019290123456790122 -0.00028935185185185184
0 0.3662229938271605 0.34476273148148145 0.10551697530864197 0.3648726851851852 0.3751929012345679 0.24363425925925927 0.41261574074074076 0.4134837962962963 0.31790123456790126 0.17100694444444445 0.39911265432098764 0.41001157407407407 0.4035493827160494 0.44936342592592593 0.4131944444444444 0.5185185185185185
0 0.3515625 0.6443865740740741 0.05381944444444445 0.07233796296296297 -0.00019290123456790122 -0.00028935185185185184 -0.00019290123456790122 -0.00028935185185185184 -0.00019290123456790122 -0.00028935185185185184 -0.00019290123456790122 -0.00028935185185185184 -0.00019290123456790122 -0.00028935185185185184 -0.00019290123456790122 -0.00028935185185185184
0 0.47087191358024694 0.4759837962962963 0.05246913580246913 0.2690972222222222 0.4481095679012346 0.34664351851851855 0.4554398148148148 0.36747685185185186 0.47337962962962965 0.34664351851851855 0.47260802469135804 0.4895833333333333 0.47685185185185186 0.5043402777777778 0.4880401234567901 0.6067708333333334
0 0.6533564814814815 0.34403935185185186 0.1415895061728395 0.3055555555555556 0.6180555555555556 0.19675925925925927 0.6946373456790124 0.3839699074074074 0.5850694444444444 0.19907407407407407 0.6859567901234568 0.3978587962962963 0.6921296296296297 0.4212962962962963 0.7201003086419753 0.4895833333333333
0 0.6482445987654321 0.3336226851851852 0.10667438271604938 0.5393518518518519 0.6010802469135802 0.35445601851851855 0.6282793209876543 0.5092592592592593 0.6830632716049383 0.07233796296296297 0.6377314814814815 0.47858796296296297 0.6383101851851852 0.5185185185185185 0.6587577160493827 0.5920138888888888
0 0.6936728395061729 0.37398726851851855 0.21566358024691357 0.46730324074074076 0.6255787037037037 0.15046296296296297 0.6188271604938271 0.40827546296296297 0.796875 0.20630787037037038 0.6385030864197531 0.45775462962962965 0.6251929012345679 0.49363425925925924 0.5889274691358025 0.6044560185185185
0 0.7604166666666666 0.5376157407407407 0.034722222222222224 0.06655092592592593 -0.00019290123456790122 -0.00028935185185185184 -0.00019290123456790122 -0.00028935185185185184 -0.00019290123456790122 -0.00028935185185185184 -0.00019290123456790122 -0.00028935185185185184 -0.00019290123456790122 -0.00028935185185185184 -0.00019290123456790122 -0.00028935185185185184
0 0.9837962962962963 0.4955150462962963 0.032407407407407406 0.15711805555555555 -0.00019290123456790122 -0.00028935185185185184 -0.00019290123456790122 -0.00028935185185185184 -0.00019290123456790122 -0.00028935185185185184 -0.00019290123456790122 -0.00028935185185185184 -0.00019290123456790122 -0.00028935185185185184 -0.00019290123456790122 -0.00028935185185185184
0 0.9324845679012346 0.5394965277777778 0.08834876543209877 0.3498263888888889 -0.00019290123456790122 -0.00028935185185185184 -0.00019290123456790122 -0.00028935185185185184 -0.00019290123456790122 -0.00028935185185185184 -0.00019290123456790122 -0.00028935185185185184 -0.00019290123456790122 -0.00028935185185185184 -0.00019290123456790122 -0.00028935185185185184
0 0.8531057098765432 0.6096643518518519 0.07465277777777778 0.2552083333333333 0.8869598765432098 0.4852430555555556 0.8782793209876543 0.6151620370370371 0.8188657407407407 0.5914351851851852 0.8611111111111112 0.6365740740740741 0.8649691358024691 0.6605902777777778 0.8520447530864198 0.7323495370370371
0 0.9581404320987654 0.8083043981481481 0.08371913580246913 0.1964699074074074 0.9693287037037037 0.7123842592592593 0.9405864197530864 0.8266782407407407 0.9988425925925926 0.7491319444444444 0.9479166666666666 0.8434606481481481 0.9392361111111112 0.8599537037037037 0.9205246913580247 0.9021990740740741
0 0.9681712962962963 0.8962673611111112 0.06365740740740741 0.09924768518518519 -0.00019290123456790122 -0.00028935185185185184 -0.00019290123456790122 -0.00028935185185185184 -0.00019290123456790122 -0.00028935185185185184 -0.00019290123456790122 -0.00028935185185185184 -0.00019290123456790122 -0.00028935185185185184 -0.00019290123456790122 -0.00028935185185185184
0 0.8547453703703703 0.9105902777777778 0.02546296296296296 0.1388888888888889 -0.00019290123456790122 -0.00028935185185185184 -0.00019290123456790122 -0.00028935185185185184 -0.00019290123456790122 -0.00028935185185185184 -0.00019290123456790122 -0.00028935185185185184 -0.00019290123456790122 -0.00028935185185185184 -0.00019290123456790122 -0.00028935185185185184
0 0.7331211419753086 0.8802083333333334 0.14525462962962962 0.11168981481481481 0.7862654320987654 0.8674768518518519 0.7905092592592593 0.9233217592592593 0.6633873456790124 0.8379629629629629 0.7804783950617284 0.9181134259259259 0.7945601851851852 0.9247685185185185 0.8038194444444444 0.9337384259259259
0 0.5950038580246914 0.8546006944444444 0.03568672839506173 0.11371527777777778 -0.00019290123456790122 -0.00028935185185185184 -0.00019290123456790122 -0.00028935185185185184 -0.00019290123456790122 -0.00028935185185185184 -0.00019290123456790122 -0.00028935185185185184 -0.00019290123456790122 -0.00028935185185185184 -0.00019290123456790122 -0.00028935185185185184
