0 0.18412422839506173 0.5542534722222222 0.09625771604938271 0.20630787037037038 0.16338734567901234 0.4548611111111111 0.21084104938271606 0.6090856481481481 0.13831018518518517 0.5992476851851852 0.20775462962962962 0.6247106481481481 0.2170138888888889 0.6432291666666666 0.22878086419753085 0.6521990740740741
0 0.4476273148148148 0.7679398148148148 0.044174382716049385 0.046875 -0.00019290123456790122 -0.00028935185185185184 -0.00019290123456790122 -0.00028935185185185184 -0.00019290123456790122 -0.00028935185185185184 -0.00019290123456790122 -0.00028935185185185184 -0.00019290123456790122 -0.00028935185185185184 -0.00019290123456790122 -0.00028935185185185184
0 0.5107060185185185 0.7450810185185185 0.11400462962962964 0.0625 0.4994212962962963 0.7468171296296297 0.5526620370370371 0.7557870370370371 0.45621141975308643 0.7407407407407407 0.5466820987654321 0.7688078703703703 0.5580632716049383 0.7702546296296297 0.5657793209876543 0.7699652777777778
0 0.753858024691358 0.6607349537037037 0.022376543209876542 0.06741898148148148 -0.00019290123456790122 -0.00028935185185185184 -0.00019290123456790122 -0.00028935185185185184 -0.00019290123456790122 -0.00028935185185185184 -0.00019290123456790122 -0.00028935185185185184 -0.00019290123456790122 -0.00028935185185185184 -0.00019290123456790122 -0.00028935185185185184
0 0.7947530864197531 0.5609085648148148 0.06095679012345679 0.09924768518518519 -0.00019290123456790122 -0.00028935185185185184 -0.00019290123456790122 -0.00028935185185185184 -0.00019290123456790122 -0.00028935185185185184 -0.00019290123456790122 -0.00028935185185185184 -0.00019290123456790122 -0.00028935185185185184 -0.00019290123456790122 -0.00028935185185185184
0 0.8285108024691358 0.59375 0.01427469135802469 0.05787037037037037 -0.00019290123456790122 -0.00028935185185185184 -0.00019290123456790122 -0.00028935185185185184 -0.00019290123456790122 -0.00028935185185185184 -0.00019290123456790122 -0.00028935185185185184 -0.00019290123456790122 -0.00028935185185185184 -0.00019290123456790122 -0.00028935185185185184
0 0.8491512345679012 0.6581307870370371 0.017746913580246913 0.051215277777777776 -0.00019290123456790122 -0.00028935185185185184 -0.00019290123456790122 -0.00028935185185185184 -0.00019290123456790122 -0.00028935185185185184 -0.00019290123456790122 -0.00028935185185185184 -0.00019290123456790122 -0.00028935185185185184 -0.00019290123456790122 -0.00028935185185185184
0 0.8504050925925926 0.5570023148148148 0.013310185185185185 0.10590277777777778 -0.00019290123456790122 -0.00028935185185185184 -0.00019290123456790122 -0.00028935185185185184 -0.00019290123456790122 -0.00028935185185185184 -0.00019290123456790122 -0.00028935185185185184 -0.00019290123456790122 -0.00028935185185185184 -0.00019290123456790122 -0.00028935185185185184
0 0.9578510802469136 0.4246238425925926 0.08429783950617284 0.24450231481481483 0.9172453703703703 0.30497685185185186 0.9465663580246914 0.4730902777777778 1.0001929012345678 0.43431712962962965 0.9571759259259259 0.48466435185185186 0.949266975308642 0.5049189814814815 0.935570987654321 0.5399305555555556
0 0.9135802469135802 0.12905092592592593 0.07407407407407407 0.2569444444444444 0.9415509259259259 0.015046296296296295 0.8865740740740741 0.1918402777777778 0.9454089506172839 0.004340277777777778 0.8937114197530864 0.19560185185185186 0.8908179012345679 0.21354166666666666 0.8794367283950617 0.2543402777777778
0 0.5045331790123457 0.3276909722222222 0.05960648148148148 0.05700231481481482 -0.00019290123456790122 -0.00028935185185185184 -0.00019290123456790122 -0.00028935185185185184 -0.00019290123456790122 -0.00028935185185185184 -0.00019290123456790122 -0.00028935185185185184 -0.00019290123456790122 -0.00028935185185185184 -0.00019290123456790122 -0.00028935185185185184
0 0.5801504629629629 0.41304976851851855 0.05613425925925926 0.15885416666666666 0.5684799382716049 0.35966435185185186 0.6037808641975309 0.4583333333333333 0.5532407407407407 0.33622685185185186 0.5970293209876543 0.4519675925925926 0.5991512345679012 0.47077546296296297 0.6039737654320988 0.4913194444444444
0 0.5279706790123457 0.44343171296296297 0.06018518518518518 0.059895833333333336 0.4992283950617284 0.4157986111111111 0.5401234567901234 0.45688657407407407 0.5451388888888888 0.4548611111111111 0.5464891975308642 0.46296296296296297 0.5511188271604939 0.45804398148148145 0.5565200617283951 0.4565972222222222
