0 0.28607253086419754 0.14539930555555555 0.08757716049382716 0.2456597222222222 0.3065200617283951 0.06076388888888889 0.3273533950617284 0.16956018518518517 0.24556327160493827 0.030671296296296297 0.31886574074074076 0.17824074074074073 0.32175925925925924 0.2013888888888889 0.31732253086419754 0.26273148148148145
0 0.10677083333333333 0.6759259259259259 0.06385030864197531 0.14351851851851852 0.13348765432098766 0.6085069444444444 0.1275077160493827 0.7048611111111112 0.0775462962962963 0.7178819444444444 0.12268518518518519 0.7282986111111112 0.12827932098765432 0.7352430555555556 0.12924382716049382 0.7436342592592593
0 0.20650077160493827 0.4557291666666667 0.029513888888888888 0.25752314814814814 0.2038966049382716 0.42997685185185186 0.2017746913580247 0.5147569444444444 0.21566358024691357 0.3292824074074074 0.20698302469135801 0.5072337962962963 0.2065972222222222 0.5260416666666666 0.20640432098765432 0.5813078703703703
0 0.6416859567901234 0.48017939814814814 0.10320216049382716 0.2630208333333333 0.6203703703703703 0.44560185185185186 0.6670524691358025 0.5393518518518519 0.5916280864197531 0.3524305555555556 0.6655092592592593 0.5500578703703703 0.6724537037037037 0.5561342592592593 0.6896219135802469 0.6067708333333334
0 0.6775655864197531 0.4905960648148148 0.07079475308641975 0.22366898148148148 0.6437114197530864 0.3819444444444444 0.6670524691358025 0.4756944444444444 0.7083333333333334 0.42939814814814814 0.6788194444444444 0.5460069444444444 0.6842206790123457 0.5653935185185185 0.6911651234567902 0.5992476851851852
0 0.8094135802469136 0.9217303240740741 0.09375 0.15653935185185186 -0.00019290123456790122 -0.00028935185185185184 -0.00019290123456790122 -0.00028935185185185184 -0.00019290123456790122 -0.00028935185185185184 -0.00019290123456790122 -0.00028935185185185184 -0.00019290123456790122 -0.00028935185185185184 -0.00019290123456790122 -0.00028935185185185184
0 0.9259259259259259 0.8667534722222222 0.14814814814814814 0.26186342592592593 0.8900462962962963 0.7416087962962963 0.904320987654321 0.8845486111111112 1.0 0.8478009259259259 0.9195601851851852 0.9210069444444444 0.904320987654321 0.9427083333333334 0.8537808641975309 0.9921875
0 0.9284336419753086 0.4375 0.05246913580246913 0.15219907407407407 0.9538966049382716 0.40335648148148145 0.9209104938271605 0.48929398148148145 0.9099151234567902 0.36574074074074076 0.9282407407407407 0.4939236111111111 0.9265046296296297 0.5017361111111112 0.9249614197530864 0.5066550925925926
0 0.9366319444444444 0.34302662037037035 0.024112654320987654 0.05931712962962963 -0.00019290123456790122 -0.00028935185185185184 -0.00019290123456790122 -0.00028935185185185184 -0.00019290123456790122 -0.00028935185185185184 -0.00019290123456790122 -0.00028935185185185184 -0.00019290123456790122 -0.00028935185185185184 -0.00019290123456790122 -0.00028935185185185184
0 0.859375 0.2957175925925926 0.1408179012345679 0.12962962962962962 0.859375 0.23466435185185186 0.9103009259259259 0.32175925925925924 0.7922453703703703 0.27314814814814814 0.9085648148148148 0.3315972222222222 0.9174382716049383 0.3347800925925926 0.9288194444444444 0.3550347222222222
0 0.5625964506172839 0.22424768518518517 0.025655864197530864 0.11863425925925926 -0.00019290123456790122 -0.00028935185185185184 -0.00019290123456790122 -0.00028935185185185184 -0.00019290123456790122 -0.00028935185185185184 -0.00019290123456790122 -0.00028935185185185184 -0.00019290123456790122 -0.00028935185185185184 -0.00019290123456790122 -0.00028935185185185184
0 0.27546296296296297 0.2722800925925926 0.03742283950617284 0.07291666666666667 0.26003086419753085 0.2416087962962963 0.27565586419753085 0.29108796296296297 0.2916666666666667 0.28935185185185186 0.2787422839506173 0.2977430555555556 0.27989969135802467 0.3023726851851852 0.2820216049382716 0.30613425925925924
