0 0.06520061728395062 0.19227430555555555 0.09490740740740741 0.26765046296296297 0.10513117283950617 0.061921296296296294 0.09587191358024691 0.20717592592592593 0.022183641975308643 0.15538194444444445 0.09625771604938271 0.26244212962962965 0.10146604938271606 0.2867476851851852 0.10783179012345678 0.31886574074074076
0 0.13879243827160495 0.29195601851851855 0.1560570987654321 0.34375 0.21103395061728394 0.1244212962962963 0.18113425925925927 0.3489583333333333 0.06404320987654322 0.20775462962962962 0.16647376543209877 0.3680555555555556 0.1728395061728395 0.39641203703703703 0.18942901234567902 0.45630787037037035
0 0.27035108024691357 0.5956307870370371 0.02488425925925926 0.10445601851851852 0.2633101851851852 0.5462962962962963 0.27334104938271603 0.6183449074074074 0.25983796296296297 0.5497685185185185 0.2708333333333333 0.6186342592592593 0.27199074074074076 0.6316550925925926 0.27218364197530864 0.6438078703703703
0 0.23736496913580246 0.5826099537037037 0.061535493827160496 0.0685763888888889 -0.00019290123456790122 -0.00028935185185185184 -0.00019290123456790122 -0.00028935185185185184 -0.00019290123456790122 -0.00028935185185185184 -0.00019290123456790122 -0.00028935185185185184 -0.00019290123456790122 -0.00028935185185185184 -0.00019290123456790122 -0.00028935185185185184
0 0.23562885802469136 0.4441550925925926 0.019097222222222224 0.11805555555555555 -0.00019290123456790122 -0.00028935185185185184 -0.00019290123456790122 -0.00028935185185185184 -0.00019290123456790122 -0.00028935185185185184 -0.00019290123456790122 -0.00028935185185185184 -0.00019290123456790122 -0.00028935185185185184 -0.00019290123456790122 -0.00028935185185185184
0 0.3269675925925926 0.49074074074074076 0.06867283950617284 0.19212962962962962 -0.00019290123456790122 -0.00028935185185185184 -0.00019290123456790122 -0.00028935185185185184 -0.00019290123456790122 -0.00028935185185185184 -0.00019290123456790122 -0.00028935185185185184 -0.00019290123456790122 -0.00028935185185185184 -0.00019290123456790122 -0.00028935185185185184
0 0.44926697530864196 0.5950520833333334 0.06172839506172839 0.11313657407407407 0.4537037037037037 0.5410879629629629 0.4222608024691358 0.625 0.47820216049382713 0.5755208333333334 0.42843364197530864 0.6284722222222222 0.42476851851851855 0.6435185185185185 0.4211033950617284 0.6495949074074074
0 0.17737268518518517 0.8401331018518519 0.11593364197530864 0.25376157407407407 0.17515432098765432 0.7181712962962963 0.17631172839506173 0.8081597222222222 0.1259645061728395 0.7824074074074074 0.19656635802469136 0.9143518518518519 0.20891203703703703 0.9386574074074074 0.2337962962962963 0.9615162037037037
0 0.25395447530864196 0.8318865740740741 0.12287808641975309 0.2193287037037037 0.30439814814814814 0.7280092592592593 0.2991898148148148 0.8466435185185185 0.19540895061728394 0.7546296296296297 0.2837577160493827 0.8521412037037037 0.2932098765432099 0.8952546296296297 0.30709876543209874 0.9314236111111112
0 0.34847608024691357 0.8100405092592593 0.13406635802469136 0.3151041666666667 -0.00019290123456790122 -0.00028935185185185184 -0.00019290123456790122 -0.00028935185185185184 -0.00019290123456790122 -0.00028935185185185184 -0.00019290123456790122 -0.00028935185185185184 -0.00019290123456790122 -0.00028935185185185184 -0.00019290123456790122 -0.00028935185185185184
0 0.3385416666666667 0.27546296296296297 0.04436728395061729 0.1875 -0.00019290123456790122 -0.00028935185185185184 -0.00019290123456790122 -0.00028935185185185184 -0.00019290123456790122 -0.00028935185185185184 -0.00019290123456790122 -0.00028935185185185184 -0.00019290123456790122 -0.00028935185185185184 -0.00019290123456790122 -0.00028935185185185184
0 0.5243055555555556 0.35474537037037035 0.11226851851851852 0.4618055555555556 0.5750385802469136 0.17216435185185186 0.5119598765432098 0.4826388888888889 0.4984567901234568 0.12962962962962962 0.5036651234567902 0.46875 0.5046296296296297 0.5089699074074074 0.5046296296296297 0.5766782407407407
0 0.1339699074074074 0.10300925925925926 0.05497685185185185 0.2048611111111111 -0.00019290123456790122 -0.00028935185185185184 -0.00019290123456790122 -0.00028935185185185184 -0.00019290123456790122 -0.00028935185185185184 -0.00019290123456790122 -0.00028935185185185184 -0.00019290123456790122 -0.00028935185185185184 -0.00019290123456790122 -0.00028935185185185184
0 0.5517939814814815 0.6665219907407407 0.0777391975308642 0.21383101851851852 -0.00019290123456790122 -0.00028935185185185184 -0.00019290123456790122 -0.00028935185185185184 -0.00019290123456790122 -0.00028935185185185184 -0.00019290123456790122 -0.00028935185185185184 -0.00019290123456790122 -0.00028935185185185184 -0.00019290123456790122 -0.00028935185185185184
0 0.6537422839506173 0.5285011574074074 0.17862654320987653 0.30873842592592593 0.736304012345679 0.45949074074074076 0.6151620370370371 0.6310763888888888 0.5985725308641975 0.3833912037037037 0.5945216049382716 0.6333912037037037 0.5902777777777778 0.6652199074074074 0.5862268518518519 0.6767939814814815
0 0.8512731481481481 0.3328993055555556 0.06944444444444445 0.2254050925925926 0.8784722222222222 0.22627314814814814 0.8329475308641975 0.3984375 0.8798225308641975 0.2543402777777778 0.8393132716049383 0.3929398148148148 0.8323688271604939 0.4117476851851852 0.8250385802469136 0.43373842592592593
0 0.8316936728395061 0.7249710648148148 0.12210648148148148 0.46498842592592593 0.8888888888888888 0.5167824074074074 0.8051697530864198 0.7685185185185185 0.8250385802469136 0.5014467592592593 0.7918595679012346 0.7795138888888888 0.7895447530864198 0.8162615740740741 0.7839506172839507 0.9412615740740741
0 0.9855324074074074 0.8139467592592593 0.021604938271604937 0.11226851851851852 -0.00019290123456790122 -0.00028935185185185184 -0.00019290123456790122 -0.00028935185185185184 -0.00019290123456790122 -0.00028935185185185184 -0.00019290123456790122 -0.00028935185185185184 -0.00019290123456790122 -0.00028935185185185184 -0.00019290123456790122 -0.00028935185185185184
