0 0.27121913580246915 0.6061921296296297 0.056712962962962965 0.2042824074074074 0.27507716049382713 0.6114004629629629 0.27584876543209874 0.6788194444444444 0.27179783950617287 0.5072337962962963 0.2806712962962963 0.6576967592592593 0.2829861111111111 0.6802662037037037 0.29031635802469136 0.7037037037037037
0 0.04205246913580247 0.3929398148148148 0.04282407407407408 0.11979166666666667 0.02816358024691358 0.3443287037037037 0.06076388888888889 0.4351851851851852 0.023726851851851853 0.3368055555555556 0.051890432098765434 0.43171296296296297 0.05632716049382716 0.44502314814814814 0.057484567901234566 0.45109953703703703
0 0.015142746913580247 0.5821759259259259 0.030285493827160493 0.09027777777777778 0.016396604938271605 0.5381944444444444 0.01716820987654321 0.5734953703703703 0.00038580246913580245 0.5659722222222222 0.016203703703703703 0.6024305555555556 0.009645061728395061 0.6128472222222222 0.0030864197530864196 0.6258680555555556
0 0.3044945987654321 0.8289930555555556 0.06847993827160494 0.1996527777777778 0.3368055555555556 0.8289930555555556 0.30227623456790126 0.8822337962962963 0.27507716049382713 0.7320601851851852 0.2934027777777778 0.8723958333333334 0.28838734567901236 0.8949652777777778 0.2775848765432099 0.9250578703703703
0 0.46479552469135804 0.5671296296296297 0.078125 0.1232638888888889 0.42804783950617287 0.5095486111111112 0.46315586419753085 0.5905671296296297 0.5011574074074074 0.5801504629629629 0.4720293209876543 0.6056134259259259 0.47183641975308643 0.6102430555555556 0.47550154320987653 0.6267361111111112
0 0.6261574074074074 0.46802662037037035 0.09375 0.1646412037037037 0.6172839506172839 0.40306712962962965 0.6026234567901234 0.4832175925925926 0.6722608024691358 0.38859953703703703 0.6116898148148148 0.48640046296296297 0.6059027777777778 0.5017361111111112 0.5804398148148148 0.5477430555555556
0 0.5836226851851852 0.3298611111111111 0.12172067901234568 0.17708333333333334 0.5412808641975309 0.2980324074074074 0.5289351851851852 0.37008101851851855 0.6431327160493827 0.24508101851851852 0.5414737654320988 0.36863425925925924 0.533179012345679 0.38773148148148145 0.5250771604938271 0.4149305555555556
0 0.7220293209876543 0.3224826388888889 0.05632716049382716 0.1362847222222222 0.7476851851851852 0.25752314814814814 0.7295524691358025 0.32060185185185186 0.7175925925925926 0.3550347222222222 0.7189429012345679 0.34751157407407407 0.7121913580246914 0.36255787037037035 0.6963734567901234 0.38744212962962965
0 0.6701388888888888 0.34360532407407407 0.029320987654320986 0.10677083333333333 0.6832561728395061 0.29224537037037035 0.6641589506172839 0.3570601851851852 0.6664737654320988 0.38425925925925924 0.6630015432098766 0.3738425925925926 0.6593364197530864 0.3828125 0.6587577160493827 0.39467592592592593
0 0.6854745370370371 0.5570023148148148 0.029899691358024692 0.12268518518518519 0.6876929012345679 0.4982638888888889 0.6878858024691358 0.5868055555555556 0.6967592592592593 0.5995370370370371 0.6834490740740741 0.6056134259259259 0.6782407407407407 0.6102430555555556 0.6728395061728395 0.6137152777777778
0 0.11593364197530864 0.1986400462962963 0.02353395061728395 0.05700231481481482 0.12364969135802469 0.17158564814814814 0.11747685185185185 0.19675925925925927 0.11959876543209877 0.2013888888888889 0.1111111111111111 0.21585648148148148 0.11400462962962964 0.22077546296296297 0.10860339506172839 0.22019675925925927
0 0.2334104938271605 0.05555555555555555 0.01890432098765432 0.10648148148148148 0.24151234567901234 0.003761574074074074 0.23032407407407407 0.07783564814814815 0.22627314814814814 0.08275462962962964 0.23861882716049382 0.09288194444444445 0.24035493827160495 0.10185185185185185 0.24170524691358025 0.10648148148148148
0 0.25636574074074076 0.05381944444444445 0.01890432098765432 0.07118055555555555 0.26157407407407407 0.019675925925925927 0.25829475308641975 0.06886574074074074 0.2498070987654321 0.07320601851851852 0.2586805555555556 0.07841435185185185 0.2559799382716049 0.08188657407407407 0.25289351851851855 0.08622685185185185
0 0.21923225308641975 0.10532407407407407 0.013695987654320988 0.07581018518518519 0.2222222222222222 0.078125 0.2173996913580247 0.12008101851851852 0.22318672839506173 0.06828703703703703 0.2199074074074074 0.11979166666666667 0.2179783950617284 0.1244212962962963 0.21875 0.1400462962962963
0 0.8431712962962963 0.3585069444444444 0.10532407407407407 0.13773148148148148 -0.00019290123456790122 -0.00028935185185185184 -0.00019290123456790122 -0.00028935185185185184 -0.00019290123456790122 -0.00028935185185185184 -0.00019290123456790122 -0.00028935185185185184 -0.00019290123456790122 -0.00028935185185185184 -0.00019290123456790122 -0.00028935185185185184
