0 0.34307484567901236 0.2679398148148148 0.17804783950617284 0.41030092592592593 0.42843364197530864 0.07349537037037036 0.39891975308641975 0.31626157407407407 0.2604166666666667 0.0775462962962963 0.3802083333333333 0.3203125 0.3863811728395062 0.3738425925925926 0.3900462962962963 0.46498842592592593
0 0.2396797839506173 0.5334201388888888 0.10204475308641975 0.33304398148148145 0.2872299382716049 0.38744212962962965 0.2837577160493827 0.5943287037037037 0.19193672839506173 0.3744212962962963 0.27353395061728397 0.6027199074074074 0.2752700617283951 0.6339699074074074 0.2795138888888889 0.6848958333333334
0 0.04610339506172839 0.46802662037037035 0.09220679012345678 0.2271412037037037 0.08931327160493827 0.3619791666666667 0.05459104938271605 0.48929398148148145 0.0030864197530864196 0.4262152777777778 0.04050925925925926 0.49189814814814814 0.05015432098765432 0.5361689814814815 0.05304783950617284 0.5743634259259259
0 0.1314621913580247 0.8161168981481481 0.01408179012345679 0.06221064814814815 -0.00019290123456790122 -0.00028935185185185184 -0.00019290123456790122 -0.00028935185185185184 -0.00019290123456790122 -0.00028935185185185184 -0.00019290123456790122 -0.00028935185185185184 -0.00019290123456790122 -0.00028935185185185184 -0.00019290123456790122 -0.00028935185185185184
0 0.06963734567901235 0.6222511574074074 0.11342592592592593 0.2097800925925926 0.055169753086419755 0.5237268518518519 0.030478395061728395 0.6634837962962963 0.12152777777777778 0.5243055555555556 0.03780864197530864 0.6701388888888888 0.030285493827160493 0.6906828703703703 0.015239197530864198 0.7228009259259259
0 0.18518518518518517 0.5554108796296297 0.0628858024691358 0.22193287037037038 0.21450617283950618 0.45341435185185186 0.1888503086419753 0.5975115740740741 0.1570216049382716 0.45283564814814814 0.18132716049382716 0.5995370370370371 0.17843364197530864 0.6215277777777778 0.1724537037037037 0.6576967592592593
0 0.3619791666666667 0.8243634259259259 0.19270833333333334 0.3420138888888889 0.2673611111111111 0.6597222222222222 0.314429012345679 0.875 0.45621141975308643 0.7245370370370371 0.3308256172839506 0.8816550925925926 0.3121141975308642 0.9215856481481481 0.2924382716049383 0.9901620370370371
0 0.5155285493827161 0.7989004629629629 0.09664351851851852 0.39525462962962965 -0.00019290123456790122 -0.00028935185185185184 -0.00019290123456790122 -0.00028935185185185184 -0.00019290123456790122 -0.00028935185185185184 -0.00019290123456790122 -0.00028935185185185184 -0.00019290123456790122 -0.00028935185185185184 -0.00019290123456790122 -0.00028935185185185184
0 0.5872878086419753 0.6047453703703703 0.05227623456790124 0.15856481481481483 -0.00019290123456790122 -0.00028935185185185184 -0.00019290123456790122 -0.00028935185185185184 -0.00019290123456790122 -0.00028935185185185184 -0.00019290123456790122 -0.00028935185185185184 -0.00019290123456790122 -0.00028935185185185184 -0.00019290123456790122 -0.00028935185185185184
0 0.9334490740740741 0.6364293981481481 0.043209876543209874 0.10445601851851852 0.9525462962962963 0.5891203703703703 0.9313271604938271 0.6603009259259259 0.9236111111111112 0.6767939814814815 0.9197530864197531 0.6785300925925926 0.918016975308642 0.6817129629629629 0.9143518518518519 0.6872106481481481
0 0.9068287037037037 0.5247395833333334 0.01890432098765432 0.1177662037037037 -0.00019290123456790122 -0.00028935185185185184 -0.00019290123456790122 -0.00028935185185185184 -0.00019290123456790122 -0.00028935185185185184 -0.00019290123456790122 -0.00028935185185185184 -0.00019290123456790122 -0.00028935185185185184 -0.00019290123456790122 -0.00028935185185185184
0 0.8493441358024691 0.484375 0.10416666666666667 0.1909722222222222 0.8844521604938271 0.4001736111111111 0.8643904320987654 0.5335648148148148 0.7999614197530864 0.39438657407407407 0.8493441358024691 0.5263310185185185 0.8489583333333334 0.5546875 0.8369984567901234 0.5766782407407407
0 0.7240547839506173 0.36342592592592593 0.050347222222222224 0.19039351851851852 0.722608024691358 0.3041087962962963 0.7175925925925926 0.3425925925925926 0.7220293209876543 0.2717013888888889 0.732445987654321 0.43258101851851855 0.7349537037037037 0.43894675925925924 0.7418981481481481 0.45283564814814814
0 0.5500578703703703 0.3861400462962963 0.06847993827160494 0.20283564814814814 0.5748456790123457 0.4036458333333333 0.5788966049382716 0.4479166666666667 0.5179398148148148 0.2925347222222222 0.5731095679012346 0.44068287037037035 0.5787037037037037 0.4620949074074074 0.5825617283950617 0.4835069444444444
