0 0.1316550925925926 0.40870949074074076 0.08198302469135803 0.17274305555555555 0.09452160493827161 0.33101851851851855 0.1244212962962963 0.4320023148148148 0.1697530864197531 0.3929398148148148 0.1398533950617284 0.4392361111111111 0.13734567901234568 0.46064814814814814 0.1410108024691358 0.4916087962962963
0 0.17332175925925927 0.44849537037037035 0.03530092592592592 0.04456018518518518 -0.00019290123456790122 -0.00028935185185185184 -0.00019290123456790122 -0.00028935185185185184 -0.00019290123456790122 -0.00028935185185185184 -0.00019290123456790122 -0.00028935185185185184 -0.00019290123456790122 -0.00028935185185185184 -0.00019290123456790122 -0.00028935185185185184
0 0.042534722222222224 0.6928530092592593 0.08506944444444445 0.11255787037037036 0.055748456790123455 0.6493055555555556 0.05709876543209876 0.7381365740740741 0.0013503086419753086 0.7167245370370371 0.044945987654320986 0.7381365740740741 0.06828703703703703 0.7392939814814815 0.07349537037037036 0.7245370370370371
0 0.46653163580246915 0.7717013888888888 0.09124228395061729 0.1556712962962963 0.4243827160493827 0.7583912037037037 0.4866898148148148 0.8240740740740741 0.4837962962962963 0.7028356481481481 0.49382716049382713 0.8139467592592593 0.4963348765432099 0.8370949074074074 0.5084876543209876 0.8420138888888888
0 0.5279706790123457 0.9596354166666666 0.10725308641975309 0.08072916666666667 0.5368441358024691 0.9985532407407407 0.5046296296296297 0.984375 0.5750385802469136 0.9406828703703703 0.5111882716049383 0.9748263888888888 0.4967206790123457 0.9684606481481481 0.47858796296296297 0.9519675925925926
0 0.5564236111111112 0.7923900462962963 0.025270061728395063 0.08940972222222222 -0.00019290123456790122 -0.00028935185185185184 -0.00019290123456790122 -0.00028935185185185184 -0.00019290123456790122 -0.00028935185185185184 -0.00019290123456790122 -0.00028935185185185184 -0.00019290123456790122 -0.00028935185185185184 -0.00019290123456790122 -0.00028935185185185184
0 0.5873842592592593 0.7631655092592593 0.04398148148148148 0.06510416666666667 -0.00019290123456790122 -0.00028935185185185184 -0.00019290123456790122 -0.00028935185185185184 -0.00019290123456790122 -0.00028935185185185184 -0.00019290123456790122 -0.00028935185185185184 -0.00019290123456790122 -0.00028935185185185184 -0.00019290123456790122 -0.00028935185185185184
0 0.6461226851851852 0.7599826388888888 0.09895833333333333 0.1657986111111111 0.6936728395061729 0.6822916666666666 0.6421682098765432 0.7974537037037037 0.6732253086419753 0.8359375 0.6433256172839507 0.8127893518518519 0.6313657407407407 0.8104745370370371 0.6010802469135802 0.8211805555555556
0 0.7379436728395061 0.6228298611111112 0.1857638888888889 0.21498842592592593 0.7841435185185185 0.53125 0.8190586419753086 0.6605902777777778 0.6493055555555556 0.5329861111111112 0.8084490740740741 0.6516203703703703 0.8186728395061729 0.6805555555555556 0.8290895061728395 0.7271412037037037
0 0.5786072530864198 0.19270833333333334 0.10088734567901235 0.19675925925925927 0.5310570987654321 0.1021412037037037 0.5607638888888888 0.22366898148148148 0.6232638888888888 0.1111111111111111 0.5704089506172839 0.22627314814814814 0.5719521604938271 0.24710648148148148 0.5827546296296297 0.2864583333333333
0 0.5560378086419753 0.33101851851851855 0.09278549382716049 0.19675925925925927 0.5721450617283951 0.2757523148148148 0.5237268518518519 0.3671875 0.5997299382716049 0.23842592592592593 0.5339506172839507 0.36140046296296297 0.5271990740740741 0.3871527777777778 0.511766975308642 0.4244791666666667
0 0.40383873456790126 0.3424479166666667 0.06616512345679013 0.2230902777777778 0.42920524691358025 0.29658564814814814 0.4174382716049383 0.4131944444444444 0.3757716049382716 0.23900462962962962 0.4087577160493827 0.41030092592592593 0.4045138888888889 0.4340277777777778 0.40084876543209874 0.4496527777777778
0 0.5753279320987654 0.5442708333333334 0.11593364197530864 0.1394675925925926 0.5927854938271605 0.49508101851851855 0.5424382716049383 0.5902777777777778 0.6292438271604939 0.4837962962962963 0.5428240740740741 0.5949074074074074 0.5368441358024691 0.5983796296296297 0.5217978395061729 0.6073495370370371
