0 0.09008487654320987 0.6485821759259259 0.05169753086419753 0.1762152777777778 0.07233796296296297 0.5651041666666666 0.07021604938271606 0.6420717592592593 0.11419753086419752 0.5766782407407407 0.07619598765432099 0.6692708333333334 0.07310956790123457 0.6932870370370371 0.07445987654320987 0.7326388888888888
0 0.1032986111111111 0.8194444444444444 0.03568672839506173 0.3130787037037037 -0.00019290123456790122 -0.00028935185185185184 -0.00019290123456790122 -0.00028935185185185184 -0.00019290123456790122 -0.00028935185185185184 -0.00019290123456790122 -0.00028935185185185184 -0.00019290123456790122 -0.00028935185185185184 -0.00019290123456790122 -0.00028935185185185184
0 0.40412808641975306 0.2986111111111111 0.1396604938271605 0.2899305555555556 0.45891203703703703 0.19907407407407407 0.46103395061728397 0.31539351851851855 0.33526234567901236 0.16203703703703703 0.4575617283950617 0.3385416666666667 0.46489197530864196 0.3599537037037037 0.44907407407407407 0.4357638888888889
0 0.5754243827160493 0.43070023148148145 0.04205246913580247 0.31105324074074076 0.5798611111111112 0.3307291666666667 0.5723379629629629 0.4525462962962963 0.5866126543209876 0.2769097222222222 0.5723379629629629 0.46064814814814814 0.5719521604938271 0.4681712962962963 0.5694444444444444 0.5818865740740741
0 0.9371141975308642 0.1964699074074074 0.1257716049382716 0.2957175925925926 0.9317129629629629 0.05642361111111111 0.9037422839506173 0.19907407407407407 1.0 0.06886574074074074 0.90625 0.21383101851851852 0.9021990740740741 0.24189814814814814 0.8778935185185185 0.3382523148148148
0 0.6485339506172839 0.7453703703703703 0.03356481481481482 0.12789351851851852 0.6483410493827161 0.6869212962962963 0.6587577160493827 0.7445023148148148 0.6529706790123457 0.7482638888888888 0.6512345679012346 0.7714120370370371 0.6462191358024691 0.7806712962962963 0.6358024691358025 0.8075810185185185
0 0.7310956790123457 0.7132523148148148 0.011574074074074073 0.07060185185185185 -0.00019290123456790122 -0.00028935185185185184 -0.00019290123456790122 -0.00028935185185185184 -0.00019290123456790122 -0.00028935185185185184 -0.00019290123456790122 -0.00028935185185185184 -0.00019290123456790122 -0.00028935185185185184 -0.00019290123456790122 -0.00028935185185185184
0 0.38329475308641975 0.6216724537037037 0.04552469135802469 0.18431712962962962 0.3910108024691358 0.5358796296296297 0.36651234567901236 0.6304976851851852 0.4002700617283951 0.6090856481481481 0.36766975308641975 0.6481481481481481 0.36882716049382713 0.6684027777777778 0.3883101851851852 0.7100694444444444
0 0.4079861111111111 0.6115451388888888 0.05169753086419753 0.09577546296296297 -0.00019290123456790122 -0.00028935185185185184 -0.00019290123456790122 -0.00028935185185185184 -0.00019290123456790122 -0.00028935185185185184 -0.00019290123456790122 -0.00028935185185185184 -0.00019290123456790122 -0.00028935185185185184 -0.00019290123456790122 -0.00028935185185185184
0 0.5263310185185185 0.7136863425925926 0.023726851851851853 0.1021412037037037 0.5322145061728395 0.6663773148148148 0.5283564814814815 0.7459490740740741 0.5283564814814815 0.6822916666666666 0.5250771604938271 0.7473958333333334 0.5252700617283951 0.7531828703703703 0.5258487654320988 0.7627314814814815
0 0.5859375 0.6705729166666666 0.0920138888888889 0.1779513888888889 -0.00019290123456790122 -0.00028935185185185184 -0.00019290123456790122 -0.00028935185185185184 -0.00019290123456790122 -0.00028935185185185184 -0.00019290123456790122 -0.00028935185185185184 -0.00019290123456790122 -0.00028935185185185184 -0.00019290123456790122 -0.00028935185185185184
0 0.6318479938271605 0.6335358796296297 0.03568672839506173 0.19010416666666666 0.6464120370370371 0.5439814814814815 0.6427469135802469 0.6354166666666666 0.6172839506172839 0.5512152777777778 0.6350308641975309 0.6695601851851852 0.6311728395061729 0.6808449074074074 0.6253858024691358 0.71875
0 0.11603009259259259 0.8793402777777778 0.029513888888888888 0.24131944444444445 -0.00019290123456790122 -0.00028935185185185184 -0.00019290123456790122 -0.00028935185185185184 -0.00019290123456790122 -0.00028935185185185184 -0.00019290123456790122 -0.00028935185185185184 -0.00019290123456790122 -0.00028935185185185184 -0.00019290123456790122 -0.00028935185185185184
0 0.14834104938271606 0.9149305555555556 0.05092592592592592 0.1701388888888889 -0.00019290123456790122 -0.00028935185185185184 -0.00019290123456790122 -0.00028935185185185184 -0.00019290123456790122 -0.00028935185185185184 -0.00019290123456790122 -0.00028935185185185184 -0.00019290123456790122 -0.00028935185185185184 -0.00019290123456790122 -0.00028935185185185184
0 0.13705632716049382 0.8968460648148148 0.014853395061728395 0.09866898148148148 -0.00019290123456790122 -0.00028935185185185184 -0.00019290123456790122 -0.00028935185185185184 -0.00019290123456790122 -0.00028935185185185184 -0.00019290123456790122 -0.00028935185185185184 -0.00019290123456790122 -0.00028935185185185184 -0.00019290123456790122 -0.00028935185185185184
