0 0.7391010802469136 0.9618055555555556 0.01716820987654321 0.0763888888888889 -0.00019290123456790122 -0.00028935185185185184 -0.00019290123456790122 -0.00028935185185185184 -0.00019290123456790122 -0.00028935185185185184 -0.00019290123456790122 -0.00028935185185185184 -0.00019290123456790122 -0.00028935185185185184 -0.00019290123456790122 -0.00028935185185185184
0 0.8975694444444444 0.8875868055555556 0.01427469135802469 0.0546875 0.902391975308642 0.8619791666666666 0.9025848765432098 0.8761574074074074 0.8994984567901234 0.8637152777777778 0.8935185185185185 0.9001736111111112 0.8958333333333334 0.9091435185185185 0.8954475308641975 0.9131944444444444
0 0.6040702160493827 0.3402777777777778 0.034915123456790126 0.07581018518518519 0.6128472222222222 0.3046875 0.6153549382716049 0.32841435185185186 0.5871913580246914 0.32957175925925924 0.6157407407407407 0.3489583333333333 0.6141975308641975 0.36255787037037035 0.6138117283950617 0.37702546296296297
0 0.49016203703703703 0.0390625 0.03819444444444445 0.078125 0.4783950617283951 0.002025462962962963 0.47337962962962965 0.02922453703703704 0.5071373456790124 0.0008680555555555555 0.4801311728395062 0.03732638888888889 0.47685185185185186 0.052083333333333336 0.47453703703703703 0.07552083333333333
0 0.23697916666666666 0.47627314814814814 0.050347222222222224 0.10069444444444445 0.2193287037037037 0.4285300925925926 0.22164351851851852 0.4583333333333333 0.26080246913580246 0.46238425925925924 0.2199074074074074 0.484375 0.2185570987654321 0.5017361111111112 0.2152777777777778 0.5248842592592593
0 0.26938657407407407 0.4713541666666667 0.034915123456790126 0.10648148148148148 0.2847222222222222 0.42476851851851855 0.26948302469135804 0.4756944444444444 0.25385802469135804 0.46846064814814814 0.2681327160493827 0.4852430555555556 0.27141203703703703 0.4933449074074074 0.27719907407407407 0.5182291666666666
0 0.17081404320987653 0.1662326388888889 0.051890432098765434 0.14149305555555555 0.1541280864197531 0.1362847222222222 0.14660493827160495 0.18373842592592593 0.19444444444444445 0.10127314814814815 0.15470679012345678 0.19328703703703703 0.15162037037037038 0.21180555555555555 0.15084876543209877 0.234375
0 0.014371141975308642 0.24710648148148148 0.01832561728395062 0.078125 -0.00019290123456790122 -0.00028935185185185184 -0.00019290123456790122 -0.00028935185185185184 -0.00019290123456790122 -0.00028935185185185184 -0.00019290123456790122 -0.00028935185185185184 -0.00019290123456790122 -0.00028935185185185184 -0.00019290123456790122 -0.00028935185185185184
0 0.04822530864197531 0.2183159722222222 0.06327160493827161 0.1015625 -0.00019290123456790122 -0.00028935185185185184 -0.00019290123456790122 -0.00028935185185185184 -0.00019290123456790122 -0.00028935185185185184 -0.00019290123456790122 -0.00028935185185185184 -0.00019290123456790122 -0.00028935185185185184 -0.00019290123456790122 -0.00028935185185185184
0 0.3915895061728395 0.6348379629629629 0.05324074074074074 0.109375 0.38155864197530864 0.5824652777777778 0.41300154320987653 0.6284722222222222 0.36882716049382713 0.6310763888888888 0.4099151234567901 0.6417824074074074 0.41280864197530864 0.6568287037037037 0.41531635802469136 0.6875
0 0.517554012345679 0.7560763888888888 0.05709876543209876 0.10474537037037036 0.5275848765432098 0.7068865740740741 0.5437885802469136 0.765625 0.49074074074074076 0.7800925925925926 0.5387731481481481 0.7624421296296297 0.5420524691358025 0.7777777777777778 0.5376157407407407 0.8052662037037037
0 0.7377507716049383 0.7126736111111112 0.15914351851851852 0.3315972222222222 0.6635802469135802 0.8104745370370371 0.6622299382716049 0.8423032407407407 0.8123070987654321 0.5532407407407407 0.6722608024691358 0.8200231481481481 0.6711033950617284 0.8561921296296297 0.6751543209876543 0.8755787037037037
