0 0.054301697530864196 0.33449074074074076 0.07079475308641975 0.13425925925925927 0.020061728395061727 0.3287037037037037 0.026813271604938273 0.35358796296296297 0.08719135802469136 0.2725694444444444 0.033371913580246916 0.3504050925925926 0.031828703703703706 0.3677662037037037 0.04205246913580247 0.3967013888888889
0 0.26080246913580246 0.11906828703703703 0.08256172839506173 0.17042824074074073 0.2808641975308642 0.06626157407407407 0.2974537037037037 0.14322916666666666 0.22280092592592593 0.05758101851851852 0.28954475308641975 0.14699074074074073 0.28742283950617287 0.1707175925925926 0.27989969135802467 0.20023148148148148
0 0.38175154320987653 0.15263310185185186 0.07523148148148148 0.1362847222222222 0.345679012345679 0.08940972222222222 0.3819444444444444 0.18836805555555555 0.41358024691358025 0.10011574074074074 0.39274691358024694 0.18258101851851852 0.3923611111111111 0.20399305555555555 0.4077932098765432 0.21498842592592593
0 0.3425925925925926 0.3111979166666667 0.06983024691358025 0.28269675925925924 0.3119212962962963 0.24797453703703703 0.33217592592592593 0.3605324074074074 0.3474151234567901 0.1762152777777778 0.3435570987654321 0.3663194444444444 0.3447145061728395 0.39554398148148145 0.35204475308641975 0.44994212962962965
0 0.44396219135802467 0.45167824074074076 0.09085648148148148 0.16319444444444445 0.4002700617283951 0.3738425925925926 0.4471450617283951 0.45109953703703703 0.4807098765432099 0.37905092592592593 0.4660493827160494 0.4693287037037037 0.4650848765432099 0.4849537037037037 0.47164351851851855 0.5269097222222222
0 0.482445987654321 0.5782696759259259 0.08950617283950617 0.19762731481481483 0.43962191358024694 0.5086805555555556 0.48842592592592593 0.5862268518518519 0.5214120370370371 0.4832175925925926 0.5079089506172839 0.6035879629629629 0.5052083333333334 0.6209490740740741 0.5001929012345679 0.6739004629629629
0 0.5841049382716049 0.6801215277777778 0.041666666666666664 0.16984953703703703 0.5706018518518519 0.5980902777777778 0.5958719135802469 0.6848958333333334 0.5652006172839507 0.7239583333333334 0.6001157407407407 0.7094907407407407 0.5981867283950617 0.7201967592592593 0.6003086419753086 0.7621527777777778
0 0.691358024691358 0.8100405092592593 0.1091820987654321 0.3793402777777778 0.6410108024691358 0.7404513888888888 0.6851851851851852 0.8784722222222222 0.7146990740740741 0.6261574074074074 0.7029320987654321 0.8784722222222222 0.7021604938271605 0.9016203703703703 0.7089120370370371 0.9994212962962963
0 0.736304012345679 0.8608217592592593 0.033950617283950615 0.12789351851851852 -0.00019290123456790122 -0.00028935185185185184 -0.00019290123456790122 -0.00028935185185185184 -0.00019290123456790122 -0.00028935185185185184 -0.00019290123456790122 -0.00028935185185185184 -0.00019290123456790122 -0.00028935185185185184 -0.00019290123456790122 -0.00028935185185185184
0 0.4597800925925926 0.8430266203703703 0.0642361111111111 0.1640625 0.4305555555555556 0.7644675925925926 0.43074845679012347 0.8689236111111112 0.48649691358024694 0.8506944444444444 0.4409722222222222 0.8802083333333334 0.4367283950617284 0.8932291666666666 0.4315200617283951 0.9212962962962963
0 0.28414351851851855 0.7252604166666666 0.08603395061728394 0.21498842592592593 0.24344135802469136 0.6270254629629629 0.27835648148148145 0.7262731481481481 0.32079475308641975 0.6391782407407407 0.2924382716049383 0.7265625 0.2943672839506173 0.75 0.3157793209876543 0.8289930555555556
0 0.11033950617283951 0.5872395833333334 0.03125 0.0720486111111111 -0.00019290123456790122 -0.00028935185185185184 -0.00019290123456790122 -0.00028935185185185184 -0.00019290123456790122 -0.00028935185185185184 -0.00019290123456790122 -0.00028935185185185184 -0.00019290123456790122 -0.00028935185185185184 -0.00019290123456790122 -0.00028935185185185184
0 0.3073881172839506 0.4312789351851852 0.08506944444444445 0.18373842592592593 0.3055555555555556 0.4149305555555556 0.3292824074074074 0.48148148148148145 0.26697530864197533 0.34346064814814814 0.32503858024691357 0.4782986111111111 0.3333333333333333 0.48640046296296297 0.3472222222222222 0.5190972222222222
0 0.6909722222222222 0.5337094907407407 0.09066358024691358 0.17563657407407407 0.6467978395061729 0.4487847222222222 0.6919367283950617 0.5462962962962963 0.7258873456790124 0.5503472222222222 0.7146990740740741 0.5868055555555556 0.7106481481481481 0.6006944444444444 0.7123842592592593 0.6186342592592593
0 0.738329475308642 0.5138888888888888 0.08236882716049383 0.3304398148148148 0.699266975308642 0.4699074074074074 0.7471064814814815 0.5772569444444444 0.7318672839506173 0.35445601851851855 0.7542438271604939 0.5792824074074074 0.7577160493827161 0.6024305555555556 0.7692901234567902 0.6747685185185185
0 0.8294753086419753 0.12384259259259259 0.0779320987654321 0.24768518518518517 0.8638117283950617 0.004050925925925926 0.8566743827160493 0.07928240740740741 0.7972608024691358 0.001736111111111111 0.8422067901234568 0.10358796296296297 0.8495370370370371 0.12905092592592593 0.8659336419753086 0.2416087962962963
0 0.9743441358024691 0.19820601851851852 0.05131172839506173 0.2355324074074074 0.9996141975308642 0.0920138888888889 0.984375 0.1400462962962963 0.9533179012345679 0.09143518518518519 0.9749228395061729 0.18981481481481483 0.9766589506172839 0.21498842592592593 0.9986496913580247 0.3081597222222222
