0 0.6490162037037037 0.23640046296296297 0.05806327160493827 0.234375 -0.00019290123456790122 -0.00028935185185185184 -0.00019290123456790122 -0.00028935185185185184 -0.00019290123456790122 -0.00028935185185185184 -0.00019290123456790122 -0.00028935185185185184 -0.00019290123456790122 -0.00028935185185185184 -0.00019290123456790122 -0.00028935185185185184
0 0.7247299382716049 0.19227430555555555 0.2334104938271605 0.3509837962962963 -0.00019290123456790122 -0.00028935185185185184 -0.00019290123456790122 -0.00028935185185185184 -0.00019290123456790122 -0.00028935185185185184 -0.00019290123456790122 -0.00028935185185185184 -0.00019290123456790122 -0.00028935185185185184 -0.00019290123456790122 -0.00028935185185185184
0 0.05160108024691358 0.7526041666666666 0.10320216049382716 0.24363425925925927 0.0314429012345679 0.6362847222222222 0.08121141975308642 0.7818287037037037 0.0005787037037037037 0.6698495370370371 0.0798611111111111 0.7971643518518519 0.08854166666666667 0.8133680555555556 0.09799382716049383 0.8703703703703703
0 0.12866512345679013 0.6983506944444444 0.06983024691358025 0.24971064814814814 0.1412037037037037 0.5772569444444444 0.09722222222222222 0.7060185185185185 0.16107253086419754 0.6666666666666666 0.10570987654320987 0.7254050925925926 0.09895833333333333 0.7364004629629629 0.10455246913580248 0.8168402777777778
0 0.11304012345679013 0.7057291666666666 0.055169753086419755 0.19733796296296297 0.13676697530864199 0.6122685185185185 0.13290895061728394 0.7288773148148148 0.08815586419753087 0.7416087962962963 0.11921296296296297 0.7624421296296297 0.12037037037037036 0.7829861111111112 0.11824845679012345 0.8017939814814815
0 0.5746527777777778 0.6702835648148148 0.1550925925925926 0.6212384259259259 0.6479552469135802 0.5943287037037037 0.5634645061728395 0.7983217592592593 0.5150462962962963 0.3671875 0.5503472222222222 0.8104745370370371 0.5536265432098766 0.8478009259259259 0.5553626543209876 0.9771412037037037
0 0.7722800925925926 0.3181423611111111 0.04918981481481482 0.1154513888888889 0.7770061728395061 0.27806712962962965 0.765625 0.34230324074074076 0.7883873456790124 0.2662037037037037 0.7683256172839507 0.34403935185185186 0.7629243827160493 0.3504050925925926 0.7573302469135802 0.3660300925925926
0 0.7543402777777778 0.2672164351851852 0.06577932098765432 0.23813657407407407 0.7856867283950617 0.14988425925925927 0.7642746913580247 0.24016203703703703 0.7606095679012346 0.2456597222222222 0.7471064814814815 0.3012152777777778 0.7444058641975309 0.31394675925925924 0.7233796296296297 0.3816550925925926
0 0.3439429012345679 0.5703125 0.021604938271604937 0.1886574074074074 0.33892746913580246 0.4820601851851852 0.35030864197530864 0.5801504629629629 0.33757716049382713 0.4878472222222222 0.3402777777777778 0.5830439814814815 0.33796296296296297 0.5992476851851852 0.3395061728395062 0.6585648148148148
0 0.2199074074074074 0.4693287037037037 0.03742283950617284 0.22800925925925927 0.23128858024691357 0.3585069444444444 0.22646604938271606 0.5008680555555556 0.20679012345679013 0.37818287037037035 0.2193287037037037 0.5020254629629629 0.22202932098765432 0.5196759259259259 0.23283179012345678 0.5763888888888888
0 0.25655864197530864 0.5473090277777778 0.02507716049382716 0.05005787037037037 -0.00019290123456790122 -0.00028935185185185184 -0.00019290123456790122 -0.00028935185185185184 -0.00019290123456790122 -0.00028935185185185184 -0.00019290123456790122 -0.00028935185185185184 -0.00019290123456790122 -0.00028935185185185184 -0.00019290123456790122 -0.00028935185185185184
0 0.28115354938271603 0.5189525462962963 0.0314429012345679 0.07783564814814815 -0.00019290123456790122 -0.00028935185185185184 -0.00019290123456790122 -0.00028935185185185184 -0.00019290123456790122 -0.00028935185185185184 -0.00019290123456790122 -0.00028935185185185184 -0.00019290123456790122 -0.00028935185185185184 -0.00019290123456790122 -0.00028935185185185184
0 0.4166666666666667 0.43764467592592593 0.047839506172839504 0.20167824074074073 -0.00019290123456790122 -0.00028935185185185184 -0.00019290123456790122 -0.00028935185185185184 -0.00019290123456790122 -0.00028935185185185184 -0.00019290123456790122 -0.00028935185185185184 -0.00019290123456790122 -0.00028935185185185184 -0.00019290123456790122 -0.00028935185185185184
0 0.3856095679012346 0.4632523148148148 0.08989197530864197 0.24131944444444445 0.42920524691358025 0.34577546296296297 0.3958333333333333 0.4618055555555556 0.34780092592592593 0.43373842592592593 0.3809799382716049 0.5011574074074074 0.38310185185185186 0.515625 0.38078703703703703 0.5801504629629629
