0 0.012152777777777778 0.6177662037037037 0.024305555555555556 0.18055555555555555 0.010416666666666666 0.5905671296296297 0.016010802469135804 0.6209490740740741 0.0005787037037037037 0.53125 0.010223765432098766 0.6290509259259259 0.011574074074074073 0.6446759259259259 0.021026234567901234 0.7037037037037037
0 0.275366512345679 0.42216435185185186 0.048032407407407406 0.1550925925925926 0.2924382716049383 0.3585069444444444 0.2544367283950617 0.45341435185185186 0.2972608024691358 0.34837962962962965 0.26157407407407407 0.4554398148148148 0.25925925925925924 0.4756944444444444 0.2532793209876543 0.49797453703703703
0 0.33912037037037035 0.06394675925925926 0.07445987654320987 0.07465277777777778 -0.00019290123456790122 -0.00028935185185185184 -0.00019290123456790122 -0.00028935185185185184 -0.00019290123456790122 -0.00028935185185185184 -0.00019290123456790122 -0.00028935185185185184 -0.00019290123456790122 -0.00028935185185185184 -0.00019290123456790122 -0.00028935185185185184
0 0.5003858024691358 0.32494212962962965 0.07716049382716049 0.2222222222222222 0.5366512345679012 0.2508680555555556 0.5102237654320988 0.36574074074074076 0.46585648148148145 0.21903935185185186 0.49209104938271603 0.38078703703703703 0.48996913580246915 0.3993055555555556 0.48032407407407407 0.4302662037037037
0 0.6329089506172839 0.3446180555555556 0.16280864197530864 0.27141203703703703 0.5815972222222222 0.2152777777777778 0.5794753086419753 0.37789351851851855 0.7116126543209876 0.3258101851851852 0.5908564814814815 0.41724537037037035 0.5798611111111112 0.43344907407407407 0.5545910493827161 0.47453703703703703
0 0.6065779320987654 0.16767939814814814 0.15219907407407407 0.17447916666666666 0.6579861111111112 0.08333333333333333 0.6521990740740741 0.19618055555555555 0.5327932098765432 0.16984953703703703 0.6473765432098766 0.1987847222222222 0.6614583333333334 0.2199074074074074 0.6815200617283951 0.2511574074074074
0 0.26610725308641975 0.6017071759259259 0.04031635802469136 0.19010416666666666 -0.00019290123456790122 -0.00028935185185185184 -0.00019290123456790122 -0.00028935185185185184 -0.00019290123456790122 -0.00028935185185185184 -0.00019290123456790122 -0.00028935185185185184 -0.00019290123456790122 -0.00028935185185185184 -0.00019290123456790122 -0.00028935185185185184
0 0.27469135802469136 0.6260127314814815 0.13734567901234568 0.23697916666666666 0.3412422839506173 0.5109953703703703 0.3150077160493827 0.6565393518518519 0.20698302469135801 0.5480324074074074 0.2984182098765432 0.6715856481481481 0.3090277777777778 0.6976273148148148 0.32021604938271603 0.7384259259259259
0 0.37374614197530864 0.7052951388888888 0.042631172839506175 0.08246527777777778 0.392554012345679 0.6663773148148148 0.3910108024691358 0.7207754629629629 0.35358796296296297 0.6843171296296297 0.38657407407407407 0.7236689814814815 0.38773148148148145 0.7337962962962963 0.3856095679012346 0.7439236111111112
0 0.06548996913580248 0.7264178240740741 0.04764660493827161 0.07494212962962964 0.044174382716049385 0.6941550925925926 0.08043981481481481 0.7398726851851852 0.048032407407407406 0.7462384259259259 0.07368827160493827 0.7401620370370371 0.08198302469135803 0.7494212962962963 0.08641975308641975 0.7592592592592593
0 0.10001929012345678 0.22670717592592593 0.09780092592592593 0.24971064814814814 -0.00019290123456790122 -0.00028935185185185184 -0.00019290123456790122 -0.00028935185185185184 -0.00019290123456790122 -0.00028935185185185184 -0.00019290123456790122 -0.00028935185185185184 -0.00019290123456790122 -0.00028935185185185184 -0.00019290123456790122 -0.00028935185185185184
