0 0.29128086419753085 0.17115162037037038 0.10339506172839506 0.14554398148148148 0.2490354938271605 0.12731481481481483 0.24305555555555555 0.21412037037037038 0.34162808641975306 0.1015625 0.2511574074074074 0.2230902777777778 0.24479166666666666 0.23234953703703703 0.24479166666666666 0.24131944444444445
0 0.3151041666666667 0.46672453703703703 0.026041666666666668 0.19675925925925927 0.30690586419753085 0.4241898148148148 0.3082561728395062 0.5075231481481481 0.32349537037037035 0.37181712962962965 0.3169367283950617 0.5011574074074074 0.3150077160493827 0.5199652777777778 0.32002314814814814 0.5607638888888888
0 0.15625 0.8991608796296297 0.10185185185185185 0.18547453703703703 0.14293981481481483 0.8090277777777778 0.19405864197530864 0.9276620370370371 0.10725308641975309 0.8755787037037037 0.19309413580246915 0.9525462962962963 0.19868827160493827 0.9635416666666666 0.2037037037037037 0.9887152777777778
0 0.17611882716049382 0.7241030092592593 0.06944444444444445 0.12413194444444445 0.16705246913580246 0.6675347222222222 0.16473765432098766 0.7285879629629629 0.20910493827160495 0.6739004629629629 0.16107253086419754 0.7520254629629629 0.15297067901234568 0.7662037037037037 0.1440972222222222 0.7798032407407407
0 0.22347608024691357 0.6299189814814815 0.016396604938271605 0.07696759259259259 -0.00019290123456790122 -0.00028935185185185184 -0.00019290123456790122 -0.00028935185185185184 -0.00019290123456790122 -0.00028935185185185184 -0.00019290123456790122 -0.00028935185185185184 -0.00019290123456790122 -0.00028935185185185184 -0.00019290123456790122 -0.00028935185185185184
0 0.32243441358024694 0.67578125 0.08892746913580248 0.15075231481481483 0.34375 0.6168981481481481 0.3481867283950617 0.7086226851851852 0.2804783950617284 0.6073495370370371 0.3412422839506173 0.7149884259259259 0.3481867283950617 0.7280092592592593 0.3616898148148148 0.7479745370370371
0 0.3940007716049383 0.8576388888888888 0.07619598765432099 0.14699074074074073 0.37905092592592593 0.7867476851851852 0.39621913580246915 0.8671875 0.36246141975308643 0.8784722222222222 0.3933256172839506 0.8972800925925926 0.40162037037037035 0.9016203703703703 0.4278549382716049 0.9291087962962963
0 0.4494598765432099 0.7426215277777778 0.03125 0.1328125 -0.00019290123456790122 -0.00028935185185185184 -0.00019290123456790122 -0.00028935185185185184 -0.00019290123456790122 -0.00028935185185185184 -0.00019290123456790122 -0.00028935185185185184 -0.00019290123456790122 -0.00028935185185185184 -0.00019290123456790122 -0.00028935185185185184
0 0.48032407407407407 0.59765625 0.02199074074074074 0.12702546296296297 0.4793595679012346 0.5419560185185185 0.47627314814814814 0.6261574074074074 0.4818672839506173 0.5379050925925926 0.4818672839506173 0.6197916666666666 0.4834104938271605 0.6336805555555556 0.48842592592592593 0.6574074074074074
0 0.5163001543209876 0.5862268518518519 0.033371913580246916 0.09143518518518519 0.5243055555555556 0.546875 0.5304783950617284 0.6041666666666666 0.5007716049382716 0.5645254629629629 0.5241126543209876 0.6053240740740741 0.5285493827160493 0.6160300925925926 0.5285493827160493 0.6290509259259259
0 0.6077353395061729 0.7151331018518519 0.05690586419753087 0.28096064814814814 0.6020447530864198 0.7384259259259259 0.6141975308641975 0.7989004629629629 0.5933641975308642 0.5801504629629629 0.6105324074074074 0.7925347222222222 0.6116898148148148 0.8107638888888888 0.6124614197530864 0.8521412037037037
0 0.787133487654321 0.39988425925925924 0.054205246913580245 0.19907407407407407 -0.00019290123456790122 -0.00028935185185185184 -0.00019290123456790122 -0.00028935185185185184 -0.00019290123456790122 -0.00028935185185185184 -0.00019290123456790122 -0.00028935185185185184 -0.00019290123456790122 -0.00028935185185185184 -0.00019290123456790122 -0.00028935185185185184
