0 0.6810378086419753 0.6548032407407407 0.21045524691358025 0.33622685185185186 0.6471836419753086 0.49508101851851855 0.6354166666666666 0.6796875 0.7818287037037037 0.5685763888888888 0.6477623456790124 0.7259837962962963 0.6340663580246914 0.7447916666666666 0.5825617283950617 0.8165509259259259
0 0.041184413580246916 0.09476273148148148 0.08198302469135803 0.18547453703703703 0.0023148148148148147 0.008680555555555556 0.05343364197530864 0.10300925925925926 0.001736111111111111 0.06018518518518518 0.046296296296296294 0.12384259259259259 0.05709876543209876 0.14814814814814814 0.07716049382716049 0.18373842592592593
0 0.2088155864197531 0.05222800925925926 0.03761574074074074 0.10445601851851852 -0.00019290123456790122 -0.00028935185185185184 -0.00019290123456790122 -0.00028935185185185184 -0.00019290123456790122 -0.00028935185185185184 -0.00019290123456790122 -0.00028935185185185184 -0.00019290123456790122 -0.00028935185185185184 -0.00019290123456790122 -0.00028935185185185184
0 0.20736882716049382 0.17867476851851852 0.10416666666666667 0.14149305555555555 0.25810185185185186 0.1111111111111111 0.23977623456790123 0.19733796296296297 0.1579861111111111 0.18663194444444445 0.2353395061728395 0.1970486111111111 0.22955246913580246 0.21412037037037038 0.2175925925925926 0.24681712962962962
0 0.07214506172839506 0.4175347222222222 0.10841049382716049 0.09722222222222222 0.018518518518518517 0.3706597222222222 0.030285493827160493 0.40306712962962965 0.12422839506172839 0.41724537037037035 0.07696759259259259 0.45457175925925924 0.08333333333333333 0.4603587962962963 0.08777006172839506 0.4592013888888889
0 0.30179398148148145 0.5721932870370371 0.19579475308641975 0.1953125 0.30594135802469136 0.4820601851851852 0.3441358024691358 0.5674189814814815 0.20929783950617284 0.5457175925925926 0.33892746913580246 0.6174768518518519 0.35455246913580246 0.6261574074074074 0.39544753086419754 0.6637731481481481
0 0.8347800925925926 0.9199942129629629 0.04456018518518518 0.12123842592592593 0.8192515432098766 0.8622685185185185 0.8179012345679012 0.9615162037037037 0.8547453703703703 0.9473379629629629 0.8238811728395061 0.9626736111111112 0.8234953703703703 0.9739583333333334 0.8258101851851852 0.9791666666666666
0 0.5414737654320988 0.5374710648148148 0.15200617283950618 0.37991898148148145 0.6124614197530864 0.3576388888888889 0.5435956790123457 0.5729166666666666 0.4697145061728395 0.5188078703703703 0.5200617283950617 0.6009837962962963 0.5181327160493827 0.6223958333333334 0.4845679012345679 0.7190393518518519
0 0.537133487654321 0.11472800925925926 0.03838734567901234 0.1339699074074074 0.5559413580246914 0.05092592592592592 0.5414737654320988 0.11197916666666667 0.5210262345679012 0.08912037037037036 0.5329861111111112 0.14207175925925927 0.5289351851851852 0.1629050925925926 0.5291280864197531 0.17766203703703703
0 0.12905092592592593 0.3023726851851852 0.08140432098765432 0.12905092592592593 -0.00019290123456790122 -0.00028935185185185184 -0.00019290123456790122 -0.00028935185185185184 -0.00019290123456790122 -0.00028935185185185184 -0.00019290123456790122 -0.00028935185185185184 -0.00019290123456790122 -0.00028935185185185184 -0.00019290123456790122 -0.00028935185185185184
