0 0.9270833333333334 0.17216435185185186 0.04205246913580247 0.11863425925925926 -0.00019290123456790122 -0.00028935185185185184 -0.00019290123456790122 -0.00028935185185185184 -0.00019290123456790122 -0.00028935185185185184 -0.00019290123456790122 -0.00028935185185185184 -0.00019290123456790122 -0.00028935185185185184 -0.00019290123456790122 -0.00028935185185185184
0 0.560570987654321 0.1958912037037037 0.12808641975308643 0.31886574074074076 0.5694444444444444 0.1640625 0.5923996913580247 0.24797453703703703 0.503858024691358 0.04369212962962963 0.6018518518518519 0.25202546296296297 0.607445987654321 0.27314814814814814 0.6224922839506173 0.3515625
0 0.5993441358024691 0.16956018518518517 0.16049382716049382 0.33912037037037035 0.6743827160493827 0.06684027777777778 0.6277006172839507 0.23900462962962962 0.5248842592592593 0.004629629629629629 0.6163194444444444 0.23842592592592593 0.6236496913580247 0.2717013888888889 0.6359953703703703 0.3298611111111111
0 0.2759452160493827 0.38078703703703703 0.13252314814814814 0.4369212962962963 0.21643518518518517 0.33622685185185186 0.25675154320987653 0.46875 0.33584104938271603 0.1684027777777778 0.26871141975308643 0.4603587962962963 0.267554012345679 0.49594907407407407 0.28260030864197533 0.5954861111111112
0 0.15981867283950618 0.39380787037037035 0.05536265432098766 0.35532407407407407 0.15952932098765432 0.38686342592592593 0.14814814814814814 0.5303819444444444 0.16512345679012347 0.22858796296296297 0.1423611111111111 0.5271990740740741 0.1398533950617284 0.5465856481481481 0.13676697530864199 0.5668402777777778
0 0.052083333333333336 0.5827546296296297 0.030478395061728395 0.11400462962962964 -0.00019290123456790122 -0.00028935185185185184 -0.00019290123456790122 -0.00028935185185185184 -0.00019290123456790122 -0.00028935185185185184 -0.00019290123456790122 -0.00028935185185185184 -0.00019290123456790122 -0.00028935185185185184 -0.00019290123456790122 -0.00028935185185185184
0 0.376929012345679 0.7374131944444444 0.05941358024691358 0.15596064814814814 0.34934413580246915 0.6805555555555556 0.3616898148148148 0.7873263888888888 0.40335648148148145 0.6741898148148148 0.36593364197530864 0.7942708333333334 0.3620756172839506 0.8017939814814815 0.36496913580246915 0.8130787037037037
0 0.4976851851851852 0.7831307870370371 0.19753086419753085 0.4320023148148148 0.40142746913580246 0.6145833333333334 0.44058641975308643 0.8596643518518519 0.5927854938271605 0.5763888888888888 0.4542824074074074 0.8668981481481481 0.4461805555555556 0.8987268518518519 0.42939814814814814 0.9927662037037037
0 0.5944251543209876 0.7092013888888888 0.15258487654320987 0.41203703703703703 0.6678240740740741 0.5949074074074074 0.5875771604938271 0.7858796296296297 0.5216049382716049 0.5083912037037037 0.5725308641975309 0.7954282407407407 0.5711805555555556 0.8362268518518519 0.5634645061728395 0.9105902777777778
0 0.6153549382716049 0.7528935185185185 0.1385030864197531 0.20949074074074073 0.6824845679012346 0.6953125 0.6221064814814815 0.8162615740740741 0.5513117283950617 0.6597222222222222 0.6130401234567902 0.8058449074074074 0.6161265432098766 0.8292824074074074 0.6070601851851852 0.8524305555555556
0 0.7153742283950617 0.9076967592592593 0.060378086419753084 0.18460648148148148 -0.00019290123456790122 -0.00028935185185185184 -0.00019290123456790122 -0.00028935185185185184 -0.00019290123456790122 -0.00028935185185185184 -0.00019290123456790122 -0.00028935185185185184 -0.00019290123456790122 -0.00028935185185185184 -0.00019290123456790122 -0.00028935185185185184
0 0.7637924382716049 0.8758680555555556 0.08584104938271606 0.2482638888888889 -0.00019290123456790122 -0.00028935185185185184 -0.00019290123456790122 -0.00028935185185185184 -0.00019290123456790122 -0.00028935185185185184 -0.00019290123456790122 -0.00028935185185185184 -0.00019290123456790122 -0.00028935185185185184 -0.00019290123456790122 -0.00028935185185185184
0 0.7327353395061729 0.6303530092592593 0.016396604938271605 0.09751157407407407 -0.00019290123456790122 -0.00028935185185185184 -0.00019290123456790122 -0.00028935185185185184 -0.00019290123456790122 -0.00028935185185185184 -0.00019290123456790122 -0.00028935185185185184 -0.00019290123456790122 -0.00028935185185185184 -0.00019290123456790122 -0.00028935185185185184
0 0.6871141975308642 0.56640625 0.06751543209876543 0.1947337962962963 0.7191358024691358 0.4722222222222222 0.6981095679012346 0.5905671296296297 0.6554783950617284 0.5590277777777778 0.6876929012345679 0.6030092592592593 0.6957947530864198 0.6232638888888888 0.7133487654320988 0.6571180555555556
