0 0.10715663580246913 0.8259548611111112 0.0920138888888889 0.22366898148148148 0.07040895061728394 0.7181712962962963 0.08371913580246913 0.8616898148148148 0.14891975308641975 0.8874421296296297 0.11226851851851852 0.8987268518518519 0.11226851851851852 0.9186921296296297 0.1244212962962963 0.9343171296296297
0 0.17775848765432098 0.8434606481481481 0.04031635802469136 0.2586805555555556 0.16473765432098766 0.7204861111111112 0.16261574074074073 0.8975694444444444 0.19212962962962962 0.8851273148148148 0.1739969135802469 0.9013310185185185 0.16512345679012347 0.9146412037037037 0.16570216049382716 0.9401041666666666
0 0.23746141975308643 0.2092013888888889 0.08873456790123457 0.4184027777777778 0.2345679012345679 0.00318287037037037 0.21469907407407407 0.15943287037037038 0.2644675925925926 0.006655092592592593 0.21720679012345678 0.2144097222222222 0.21161265432098766 0.23408564814814814 0.21412037037037038 0.41001157407407407
0 0.4428047839506173 0.4230324074074074 0.05960648148148148 0.35532407407407407 0.4228395061728395 0.25202546296296297 0.4660493827160494 0.4241898148148148 0.42052469135802467 0.27314814814814814 0.4548611111111111 0.4230324074074074 0.46084104938271603 0.4476273148148148 0.4392361111111111 0.5885416666666666
0 0.4912229938271605 0.4908854166666667 0.17380401234567902 0.40422453703703703 0.5756172839506173 0.29542824074074076 0.5335648148148148 0.5674189814814815 0.4104938271604938 0.3958333333333333 0.5 0.6157407407407407 0.5042438271604939 0.6438078703703703 0.49247685185185186 0.6817129629629629
0 0.6719714506172839 0.5785590277777778 0.2347608024691358 0.5309606481481481 0.6564429012345679 0.3185763888888889 0.6390817901234568 0.6464120370370371 0.7849151234567902 0.3382523148148148 0.6440972222222222 0.7005208333333334 0.6267361111111112 0.7210648148148148 0.5582561728395061 0.8373842592592593
0 0.9778163580246914 0.7197627314814815 0.02507716049382716 0.09230324074074074 -0.00019290123456790122 -0.00028935185185185184 -0.00019290123456790122 -0.00028935185185185184 -0.00019290123456790122 -0.00028935185185185184 -0.00019290123456790122 -0.00028935185185185184 -0.00019290123456790122 -0.00028935185185185184 -0.00019290123456790122 -0.00028935185185185184
0 0.9609375 0.7744502314814815 0.049575617283950615 0.1941550925925926 0.9670138888888888 0.6808449074074074 0.9604552469135802 0.7745949074074074 0.9608410493827161 0.7960069444444444 0.9498456790123457 0.7997685185185185 0.9508101851851852 0.8133680555555556 0.9440586419753086 0.8689236111111112
0 0.8805941358024691 0.8974247685185185 0.024305555555555556 0.10561342592592593 0.8705632716049383 0.8495370370370371 0.8844521604938271 0.9140625 0.8705632716049383 0.9114583333333334 0.8840663580246914 0.9340277777777778 0.8869598765432098 0.9377893518518519 0.8902391975308642 0.9447337962962963
0 0.941358024691358 0.9386574074074074 0.0625 0.11921296296296297 -0.00019290123456790122 -0.00028935185185185184 -0.00019290123456790122 -0.00028935185185185184 -0.00019290123456790122 -0.00028935185185185184 -0.00019290123456790122 -0.00028935185185185184 -0.00019290123456790122 -0.00028935185185185184 -0.00019290123456790122 -0.00028935185185185184
0 0.7004243827160493 0.8259548611111112 0.029320987654320986 0.09172453703703703 0.7127700617283951 0.7858796296296297 0.6971450617283951 0.8472222222222222 0.6890432098765432 0.8498263888888888 0.6923225308641975 0.8631365740740741 0.6932870370370371 0.8671875 0.6923225308641975 0.8709490740740741
