0 0.8388310185185185 0.6341145833333334 0.051890432098765434 0.037905092592592594 0.8329475308641975 0.6168981481481481 0.824266975308642 0.6325231481481481 0.863233024691358 0.6510416666666666 0.8279320987654321 0.6270254629629629 0.8234953703703703 0.6357060185185185 0.814429012345679 0.6507523148148148
0 0.7622492283950617 0.6600115740740741 0.045717592592592594 0.16898148148148148 0.7770061728395061 0.6527777777777778 0.7797067901234568 0.7228009259259259 0.7403549382716049 0.5766782407407407 0.7756558641975309 0.7115162037037037 0.7787422839506173 0.7277199074074074 0.7768132716049383 0.7427662037037037
0 0.6244212962962963 0.45891203703703703 0.06828703703703703 0.07002314814814815 0.6568287037037037 0.4296875 0.6006944444444444 0.46383101851851855 0.6570216049382716 0.4322916666666667 0.6035879629629629 0.4661458333333333 0.6006944444444444 0.4765625 0.5929783950617284 0.4913194444444444
0 0.49006558641975306 0.2863136574074074 0.06693672839506173 0.11313657407407407 0.49614197530864196 0.23234953703703703 0.5154320987654321 0.30873842592592593 0.4591049382716049 0.34056712962962965 0.5100308641975309 0.3177083333333333 0.519483024691358 0.32957175925925924 0.5219907407407407 0.3342013888888889
0 0.43740354938271603 0.28197337962962965 0.08159722222222222 0.07494212962962964 0.4058641975308642 0.2494212962962963 0.4025848765432099 0.2881944444444444 0.4774305555555556 0.25289351851851855 0.4074074074074074 0.2890625 0.40489969135802467 0.2980324074074074 0.39834104938271603 0.31568287037037035
0 0.30343364197530864 0.8026620370370371 0.08063271604938271 0.10821759259259259 0.27276234567901236 0.7514467592592593 0.26851851851851855 0.8035300925925926 0.3395061728395062 0.8284143518518519 0.2818287037037037 0.8017939814814815 0.2716049382716049 0.8246527777777778 0.26851851851851855 0.8506944444444444
0 0.4636381172839506 0.44140625 0.058834876543209874 0.13744212962962962 0.4664351851851852 0.4291087962962963 0.4390432098765432 0.4826388888888889 0.49170524691358025 0.3744212962962963 0.44733796296296297 0.4878472222222222 0.4427083333333333 0.49508101851851855 0.4378858024691358 0.5081018518518519
0 0.9591049382716049 0.8042534722222222 0.08179012345679013 0.2144097222222222 0.9369212962962963 0.8119212962962963 0.9290123456790124 0.8677662037037037 0.9992283950617284 0.7016782407407407 0.9353780864197531 0.8625578703703703 0.9297839506172839 0.8784722222222222 0.9195601851851852 0.9082754629629629
0 0.40837191358024694 0.453125 0.07175925925925926 0.1267361111111111 0.3744212962962963 0.39265046296296297 0.38927469135802467 0.44212962962962965 0.44328703703703703 0.4357638888888889 0.40084876543209874 0.4586226851851852 0.3923611111111111 0.4869791666666667 0.3921682098765432 0.5127314814814815
0 0.23292824074074073 0.15986689814814814 0.044945987654320986 0.15364583333333334 0.2474922839506173 0.12905092592592593 0.2492283950617284 0.19502314814814814 0.21180555555555555 0.08622685185185185 0.24556327160493827 0.19618055555555555 0.2474922839506173 0.20949074074074073 0.24845679012345678 0.23061342592592593
0 0.3833912037037037 0.1293402777777778 0.10783179012345678 0.1261574074074074 0.42727623456790126 0.07002314814814815 0.41087962962962965 0.12818287037037038 0.33391203703703703 0.18518518518518517 0.40162037037037035 0.13570601851851852 0.41628086419753085 0.1417824074074074 0.435570987654321 0.16898148148148148
0 0.09722222222222222 0.6072048611111112 0.047453703703703706 0.08709490740740741 0.08159722222222222 0.5662615740740741 0.10706018518518519 0.6200810185185185 0.07542438271604938 0.5865162037037037 0.10609567901234568 0.6276041666666666 0.11053240740740741 0.6319444444444444 0.11998456790123457 0.6487268518518519
0 0.08140432098765432 0.3684895833333333 0.05594135802469136 0.053530092592592594 -0.00019290123456790122 -0.00028935185185185184 -0.00019290123456790122 -0.00028935185185185184 -0.00019290123456790122 -0.00028935185185185184 -0.00019290123456790122 -0.00028935185185185184 -0.00019290123456790122 -0.00028935185185185184 -0.00019290123456790122 -0.00028935185185185184
0 0.18132716049382716 0.2456597222222222 0.021604938271604937 0.08275462962962964 -0.00019290123456790122 -0.00028935185185185184 -0.00019290123456790122 -0.00028935185185185184 -0.00019290123456790122 -0.00028935185185185184 -0.00019290123456790122 -0.00028935185185185184 -0.00019290123456790122 -0.00028935185185185184 -0.00019290123456790122 -0.00028935185185185184
