0 0.2065972222222222 0.3528645833333333 0.14621913580246915 0.6218171296296297 0.1371527777777778 0.29311342592592593 0.1861496913580247 0.4525462962962963 0.20852623456790123 0.05179398148148148 0.2023533950617284 0.4670138888888889 0.20601851851851852 0.4988425925925926 0.2706404320987654 0.6579861111111112
0 0.32156635802469136 0.5402199074074074 0.02854938271604938 0.13657407407407407 -0.00019290123456790122 -0.00028935185185185184 -0.00019290123456790122 -0.00028935185185185184 -0.00019290123456790122 -0.00028935185185185184 -0.00019290123456790122 -0.00028935185185185184 -0.00019290123456790122 -0.00028935185185185184 -0.00019290123456790122 -0.00028935185185185184
0 0.3656442901234568 0.5611979166666666 0.024112654320987654 0.1021412037037037 0.3557098765432099 0.5153356481481481 0.3616898148148148 0.53125 0.36689814814814814 0.5384837962962963 0.3609182098765432 0.5998263888888888 0.3599537037037037 0.6076388888888888 0.357445987654321 0.6108217592592593
0 0.3637152777777778 0.47858796296296297 0.042631172839506175 0.11458333333333333 -0.00019290123456790122 -0.00028935185185185184 -0.00019290123456790122 -0.00028935185185185184 -0.00019290123456790122 -0.00028935185185185184 -0.00019290123456790122 -0.00028935185185185184 -0.00019290123456790122 -0.00028935185185185184 -0.00019290123456790122 -0.00028935185185185184
0 0.8314043209876543 0.7939814814814815 0.2056327160493827 0.4068287037037037 -0.00019290123456790122 -0.00028935185185185184 -0.00019290123456790122 -0.00028935185185185184 -0.00019290123456790122 -0.00028935185185185184 -0.00019290123456790122 -0.00028935185185185184 -0.00019290123456790122 -0.00028935185185185184 -0.00019290123456790122 -0.00028935185185185184
0 0.7201967592592593 0.5316840277777778 0.04378858024691358 0.09346064814814815 0.7399691358024691 0.48900462962962965 0.7162422839506173 0.5419560185185185 0.7062114197530864 0.5729166666666666 0.7052469135802469 0.5604745370370371 0.7008101851851852 0.5717592592592593 0.6994598765432098 0.5758101851851852
0 0.7872299382716049 0.40639467592592593 0.03009259259259259 0.10387731481481481 -0.00019290123456790122 -0.00028935185185185184 -0.00019290123456790122 -0.00028935185185185184 -0.00019290123456790122 -0.00028935185185185184 -0.00019290123456790122 -0.00028935185185185184 -0.00019290123456790122 -0.00028935185185185184 -0.00019290123456790122 -0.00028935185185185184
0 0.8031442901234568 0.3297164351851852 0.03722993827160494 0.11429398148148148 0.8175154320987654 0.27719907407407407 0.7964891975308642 0.3298611111111111 0.8206018518518519 0.3353587962962963 0.7982253086419753 0.33998842592592593 0.7937885802469136 0.34375 0.7880015432098766 0.38310185185185186
0 0.6579861111111112 0.4223090277777778 0.03433641975308642 0.09866898148148148 0.6743827160493827 0.3773148148148148 0.65625 0.41869212962962965 0.6487268518518519 0.3995949074074074 0.6537422839506173 0.4207175925925926 0.6552854938271605 0.42679398148148145 0.6467978395061729 0.46730324074074076
0 0.3740354938271605 0.32320601851851855 0.07330246913580248 0.21064814814814814 0.3915895061728395 0.2595486111111111 0.3923611111111111 0.2847222222222222 0.3400848765432099 0.22164351851851852 0.40625 0.3871527777777778 0.40412808641975306 0.3961226851851852 0.3975694444444444 0.42476851851851855
0 0.7237654320987654 0.18504050925925927 0.044753086419753084 0.11371527777777778 -0.00019290123456790122 -0.00028935185185185184 -0.00019290123456790122 -0.00028935185185185184 -0.00019290123456790122 -0.00028935185185185184 -0.00019290123456790122 -0.00028935185185185184 -0.00019290123456790122 -0.00028935185185185184 -0.00019290123456790122 -0.00028935185185185184
