0 0.02546296296296296 0.48148148148148145 0.05092592592592592 0.25925925925925924 -0.0007716049382716049 0.35734953703703703 0.04378858024691358 0.5031828703703703 0.00019290123456790122 0.4288194444444444 0.03279320987654321 0.5095486111111112 0.035493827160493825 0.5321180555555556 0.04996141975308642 0.6027199074074074
0 0.10455246913580248 0.4765625 0.06481481481481481 0.11574074074074074 -0.00019290123456790122 -0.00028935185185185184 -0.00019290123456790122 -0.00028935185185185184 -0.00019290123456790122 -0.00028935185185185184 -0.00019290123456790122 -0.00028935185185185184 -0.00019290123456790122 -0.00028935185185185184 -0.00019290123456790122 -0.00028935185185185184
0 0.040027006172839504 0.9477719907407407 0.08005401234567901 0.10445601851851852 -0.00019290123456790122 -0.00028935185185185184 -0.00019290123456790122 -0.00028935185185185184 -0.00019290123456790122 -0.00028935185185185184 -0.00019290123456790122 -0.00028935185185185184 -0.00019290123456790122 -0.00028935185185185184 -0.00019290123456790122 -0.00028935185185185184
0 0.2518325617283951 0.9105902777777778 0.03607253086419753 0.1111111111111111 -0.00019290123456790122 -0.00028935185185185184 -0.00019290123456790122 -0.00028935185185185184 -0.00019290123456790122 -0.00028935185185185184 -0.00019290123456790122 -0.00028935185185185184 -0.00019290123456790122 -0.00028935185185185184 -0.00019290123456790122 -0.00028935185185185184
0 0.30478395061728397 0.4408275462962963 0.1878858024691358 0.4592013888888889 0.21469907407407407 0.22135416666666666 0.23919753086419754 0.47945601851851855 0.39351851851851855 0.25144675925925924 0.26003086419753085 0.5173611111111112 0.2511574074074074 0.5552662037037037 0.22878086419753085 0.6649305555555556
0 0.28134645061728397 0.3927951388888889 0.16763117283950618 0.2838541666666667 0.23109567901234568 0.2578125 0.3258101851851852 0.4152199074074074 0.2010030864197531 0.2638888888888889 0.31809413580246915 0.43460648148148145 0.3325617283950617 0.46585648148148145 0.3630401234567901 0.5271990740740741
0 0.3472222222222222 0.5462962962962963 0.023919753086419752 0.12210648148148148 -0.00019290123456790122 -0.00028935185185185184 -0.00019290123456790122 -0.00028935185185185184 -0.00019290123456790122 -0.00028935185185185184 -0.00019290123456790122 -0.00028935185185185184 -0.00019290123456790122 -0.00028935185185185184 -0.00019290123456790122 -0.00028935185185185184
0 0.41550925925925924 0.578125 0.041666666666666664 0.08738425925925926 -0.00019290123456790122 -0.00028935185185185184 -0.00019290123456790122 -0.00028935185185185184 -0.00019290123456790122 -0.00028935185185185184 -0.00019290123456790122 -0.00028935185185185184 -0.00019290123456790122 -0.00028935185185185184 -0.00019290123456790122 -0.00028935185185185184
0 0.4981674382716049 0.6287615740740741 0.07118055555555555 0.25405092592592593 0.5243055555555556 0.5060763888888888 0.5289351851851852 0.6304976851851852 0.4654706790123457 0.6160300925925926 0.5160108024691358 0.6579861111111112 0.5200617283950617 0.6689814814814815 0.5142746913580247 0.7471064814814815
0 0.400366512345679 0.9142071759259259 0.1556712962962963 0.08825231481481481 0.44232253086419754 0.8998842592592593 0.4519675925925926 0.9458912037037037 0.32349537037037035 0.8883101851851852 0.44579475308641975 0.9429976851851852 0.46315586419753085 0.9479166666666666 0.47685185185185186 0.9542824074074074
0 0.53125 0.9205729166666666 0.03896604938271605 0.1316550925925926 -0.00019290123456790122 -0.00028935185185185184 -0.00019290123456790122 -0.00028935185185185184 -0.00019290123456790122 -0.00028935185185185184 -0.00019290123456790122 -0.00028935185185185184 -0.00019290123456790122 -0.00028935185185185184 -0.00019290123456790122 -0.00028935185185185184
0 0.644483024691358 0.8946759259259259 0.0941358024691358 0.08622685185185185 -0.00019290123456790122 -0.00028935185185185184 -0.00019290123456790122 -0.00028935185185185184 -0.00019290123456790122 -0.00028935185185185184 -0.00019290123456790122 -0.00028935185185185184 -0.00019290123456790122 -0.00028935185185185184 -0.00019290123456790122 -0.00028935185185185184
0 0.6307870370370371 0.8020833333333334 0.08873456790123457 0.2199074074074074 0.6213348765432098 0.7120949074074074 0.6062885802469136 0.8258101851851852 0.6747685185185185 0.6964699074074074 0.6153549382716049 0.8368055555555556 0.6091820987654321 0.8582175925925926 0.5906635802469136 0.9068287037037037
0 0.7426697530864198 0.6901041666666666 0.08641975308641975 0.2181712962962963 0.7829861111111112 0.5960648148148148 0.722608024691358 0.7135416666666666 0.7781635802469136 0.5853587962962963 0.7285879629629629 0.7259837962962963 0.7247299382716049 0.7416087962962963 0.7017746913580247 0.7934027777777778
0 0.5813078703703703 0.5400752314814815 0.10397376543209877 0.32841435185185186 -0.00019290123456790122 -0.00028935185185185184 -0.00019290123456790122 -0.00028935185185185184 -0.00019290123456790122 -0.00028935185185185184 -0.00019290123456790122 -0.00028935185185185184 -0.00019290123456790122 -0.00028935185185185184 -0.00019290123456790122 -0.00028935185185185184
0 0.6321373456790124 0.5066550925925926 0.06867283950617284 0.16203703703703703 0.6022376543209876 0.43258101851851855 0.626929012345679 0.49074074074074076 0.6610725308641975 0.4476273148148148 0.6392746913580247 0.5581597222222222 0.6423611111111112 0.5769675925925926 0.6452546296296297 0.5873842592592593
0 0.8584104938271605 0.5057870370370371 0.11265432098765432 0.30150462962962965 0.8142361111111112 0.46238425925925924 0.8271604938271605 0.5917245370370371 0.8966049382716049 0.36140046296296297 0.8362268518518519 0.5870949074074074 0.8288966049382716 0.6142939814814815 0.8065200617283951 0.6524884259259259
0 0.9529320987654321 0.9296875 0.03780864197530864 0.109375 0.9402006172839507 0.8877314814814815 0.9639274691358025 0.9644097222222222 0.9519675925925926 0.8894675925925926 0.964891975308642 0.9589120370370371 0.9656635802469136 0.9733796296296297 0.9681712962962963 0.9809027777777778
0 0.6804591049382716 0.6035879629629629 0.06693672839506173 0.24305555555555555 0.706983024691358 0.5674189814814815 0.6936728395061729 0.6727430555555556 0.6535493827160493 0.5251736111111112 0.6772762345679012 0.6611689814814815 0.6811342592592593 0.6987847222222222 0.6786265432098766 0.7141203703703703
