0 0.2820216049382716 0.06712962962962964 0.05131172839506173 0.13425925925925927 -0.00019290123456790122 -0.00028935185185185184 -0.00019290123456790122 -0.00028935185185185184 -0.00019290123456790122 -0.00028935185185185184 -0.00019290123456790122 -0.00028935185185185184 -0.00019290123456790122 -0.00028935185185185184 -0.00019290123456790122 -0.00028935185185185184
0 0.6263503086419753 0.15321180555555555 0.016589506172839507 0.10850694444444445 -0.00019290123456790122 -0.00028935185185185184 -0.00019290123456790122 -0.00028935185185185184 -0.00019290123456790122 -0.00028935185185185184 -0.00019290123456790122 -0.00028935185185185184 -0.00019290123456790122 -0.00028935185185185184 -0.00019290123456790122 -0.00028935185185185184
0 0.8798225308641975 0.17086226851851852 0.23842592592592593 0.22251157407407407 0.769483024691358 0.0931712962962963 0.7746913580246914 0.19502314814814814 0.9982638888888888 0.1099537037037037 0.7858796296296297 0.20717592592592593 0.769483024691358 0.23524305555555555 0.7673611111111112 0.27662037037037035
0 0.9381751543209876 0.2751736111111111 0.11863425925925926 0.24016203703703703 -0.00019290123456790122 -0.00028935185185185184 -0.00019290123456790122 -0.00028935185185185184 -0.00019290123456790122 -0.00028935185185185184 -0.00019290123456790122 -0.00028935185185185184 -0.00019290123456790122 -0.00028935185185185184 -0.00019290123456790122 -0.00028935185185185184
0 0.9038387345679012 0.26200810185185186 0.04996141975308642 0.19010416666666666 0.9234182098765432 0.17332175925925927 0.8910108024691358 0.29832175925925924 0.918016975308642 0.3081597222222222 0.8929398148148148 0.3203125 0.8904320987654321 0.33188657407407407 0.8834876543209876 0.3527199074074074
0 0.9289158950617284 0.6063368055555556 0.109375 0.2884837962962963 0.9457947530864198 0.46846064814814814 0.9259259259259259 0.5934606481481481 0.9797453703703703 0.6076388888888888 0.9249614197530864 0.6605902777777778 0.9133873456790124 0.6724537037037037 0.8840663580246914 0.7384259259259259
0 0.9392361111111112 0.6976273148148148 0.11805555555555555 0.18229166666666666 0.9971064814814815 0.6140046296296297 0.9344135802469136 0.734375 0.8904320987654321 0.7080439814814815 0.9025848765432098 0.7442129629629629 0.8983410493827161 0.7688078703703703 0.8823302469135802 0.7850115740740741
0 0.4487847222222222 0.8600983796296297 0.03260030864197531 0.1779513888888889 -0.00019290123456790122 -0.00028935185185185184 -0.00019290123456790122 -0.00028935185185185184 -0.00019290123456790122 -0.00028935185185185184 -0.00019290123456790122 -0.00028935185185185184 -0.00019290123456790122 -0.00028935185185185184 -0.00019290123456790122 -0.00028935185185185184
0 0.4852430555555556 0.8162615740740741 0.03530092592592592 0.25462962962962965 -0.00019290123456790122 -0.00028935185185185184 -0.00019290123456790122 -0.00028935185185185184 -0.00019290123456790122 -0.00028935185185185184 -0.00019290123456790122 -0.00028935185185185184 -0.00019290123456790122 -0.00028935185185185184 -0.00019290123456790122 -0.00028935185185185184
0 0.581983024691358 0.6896701388888888 0.13348765432098766 0.3585069444444444 0.642554012345679 0.5159143518518519 0.5829475308641975 0.7433449074074074 0.5233410493827161 0.6426504629629629 0.5555555555555556 0.8029513888888888 0.5569058641975309 0.828125 0.5493827160493827 0.8605324074074074
0 0.6667631172839507 0.2533275462962963 0.1541280864197531 0.37876157407407407 0.7428626543209876 0.07407407407407407 0.6631944444444444 0.2456597222222222 0.6294367283950617 0.25405092592592593 0.6294367283950617 0.2974537037037037 0.6263503086419753 0.32002314814814814 0.5943287037037037 0.4380787037037037
