0 0.2423804012345679 0.12456597222222222 0.04841820987654321 0.24913194444444445 0.24112654320987653 0.00318287037037037 0.25983796296296297 0.12471064814814815 0.22415123456790123 0.1009837962962963 0.2511574074074074 0.19907407407407407 0.2490354938271605 0.22164351851851852 0.2478780864197531 0.24479166666666666
0 0.140625 0.4891493055555556 0.03742283950617284 0.12123842592592593 -0.00019290123456790122 -0.00028935185185185184 -0.00019290123456790122 -0.00028935185185185184 -0.00019290123456790122 -0.00028935185185185184 -0.00019290123456790122 -0.00028935185185185184 -0.00019290123456790122 -0.00028935185185185184 -0.00019290123456790122 -0.00028935185185185184
0 0.3584104938271605 0.5407986111111112 0.07484567901234568 0.22974537037037038 0.32600308641975306 0.46469907407407407 0.36959876543209874 0.5772569444444444 0.33429783950617287 0.43258101851851855 0.3734567901234568 0.5746527777777778 0.3734567901234568 0.5876736111111112 0.3908179012345679 0.6524884259259259
0 0.3765432098765432 0.46556712962962965 0.1111111111111111 0.2962962962962963 0.4104938271604938 0.3194444444444444 0.41628086419753085 0.5028935185185185 0.3256172839506173 0.4583333333333333 0.4054783950617284 0.5179398148148148 0.4174382716049383 0.5494791666666666 0.42959104938271603 0.6006944444444444
0 0.6213348765432098 0.4927662037037037 0.11805555555555555 0.29050925925925924 0.5827546296296297 0.3550347222222222 0.5871913580246914 0.5422453703703703 0.6753472222222222 0.3605324074074074 0.5995370370370371 0.546875 0.5896990740740741 0.5859375 0.5704089506172839 0.6296296296296297
0 0.8927469135802469 0.16767939814814814 0.10262345679012345 0.25376157407407407 0.8535879629629629 0.04456018518518518 0.8668981481481481 0.21585648148148148 0.9398148148148148 0.1484375 0.8751929012345679 0.23842592592592593 0.8657407407407407 0.2595486111111111 0.8478009259259259 0.29282407407407407
0 0.8213734567901234 0.17997685185185186 0.04128086419753087 0.1440972222222222 0.8161651234567902 0.12471064814814815 0.8177083333333334 0.21961805555555555 0.8366126543209876 0.11400462962962964 0.8155864197530864 0.2277199074074074 0.8132716049382716 0.23350694444444445 0.8051697530864198 0.24768518518518517
0 0.753858024691358 0.17809606481481483 0.024691358024691357 0.14033564814814814 0.7619598765432098 0.11168981481481481 0.7615740740740741 0.17274305555555555 0.7444058641975309 0.17100694444444445 0.7627314814814815 0.20572916666666666 0.7627314814814815 0.22019675925925927 0.7648533950617284 0.2427662037037037
0 0.5113811728395061 0.2527488425925926 0.12191358024691358 0.1941550925925926 0.4739583333333333 0.15885416666666666 0.4521604938271605 0.30005787037037035 0.5675154320987654 0.2505787037037037 0.46064814814814814 0.3020833333333333 0.4575617283950617 0.3214699074074074 0.4554398148148148 0.3472222222222222
0 0.34500385802469136 0.17086226851851852 0.07619598765432099 0.22193287037037038 0.33757716049382713 0.06626157407407407 0.3447145061728395 0.16319444444444445 0.3746141975308642 0.16550925925925927 0.33603395061728397 0.22569444444444445 0.3292824074074074 0.2410300925925926 0.30941358024691357 0.27922453703703703
