0 0.1362847222222222 0.08116319444444445 0.08236882716049383 0.11950231481481481 0.16550925925925927 0.024016203703703703 0.16878858024691357 0.09114583333333333 0.09683641975308642 0.10590277777777778 0.16280864197530864 0.09635416666666667 0.16743827160493827 0.10619212962962964 0.17380401234567902 0.1371527777777778
0 0.4302662037037037 0.5160590277777778 0.04533179012345679 0.12123842592592593 0.4375 0.5101273148148148 0.44695216049382713 0.5361689814814815 0.40914351851851855 0.4583333333333333 0.44290123456790126 0.5422453703703703 0.44502314814814814 0.5494791666666666 0.45003858024691357 0.5752314814814815
0 0.4027777777777778 0.3582175925925926 0.06944444444444445 0.07175925925925926 0.38599537037037035 0.3275462962962963 0.3715277777777778 0.36574074074074076 0.4363425925925926 0.3246527777777778 0.37808641975308643 0.3706597222222222 0.3740354938271605 0.3761574074074074 0.3738425925925926 0.39091435185185186
0 0.17592592592592593 0.8614004629629629 0.07137345679012345 0.22916666666666666 0.14293981481481483 0.8362268518518519 0.16338734567901234 0.9311342592592593 0.21006944444444445 0.75 0.16917438271604937 0.9253472222222222 0.1693672839506173 0.9401041666666666 0.1693672839506173 0.9713541666666666
0 0.08140432098765432 0.9053819444444444 0.021604938271604937 0.11400462962962964 0.08333333333333333 0.9143518518518519 0.08506944444444445 0.9461805555555556 0.08005401234567901 0.8504050925925926 0.08603395061728394 0.9383680555555556 0.08777006172839506 0.9461805555555556 0.09085648148148148 0.9597800925925926
0 0.027874228395061727 0.8275462962962963 0.01716820987654321 0.078125 -0.00019290123456790122 -0.00028935185185185184 -0.00019290123456790122 -0.00028935185185185184 -0.00019290123456790122 -0.00028935185185185184 -0.00019290123456790122 -0.00028935185185185184 -0.00019290123456790122 -0.00028935185185185184 -0.00019290123456790122 -0.00028935185185185184
0 0.4739583333333333 0.9450231481481481 0.027391975308641976 0.10416666666666667 0.4679783950617284 0.9259259259259259 0.4737654320987654 0.9861111111111112 0.47087191358024694 0.8964120370370371 0.47627314814814814 0.9823495370370371 0.47280092592592593 0.9892939814814815 0.4693287037037037 0.9968171296296297
0 0.5597029320987654 0.8803530092592593 0.051118827160493825 0.08246527777777778 0.5540123456790124 0.8654513888888888 0.5767746913580247 0.9030671296296297 0.535108024691358 0.8396990740740741 0.5748456790123457 0.9042245370370371 0.5767746913580247 0.9068287037037037 0.5833333333333334 0.9207175925925926
0 0.6264467592592593 0.6591435185185185 0.08815586419753087 0.11458333333333333 0.6520061728395061 0.6035879629629629 0.6616512345679012 0.6715856481481481 0.5837191358024691 0.625 0.6568287037037037 0.6805555555555556 0.660108024691358 0.6935763888888888 0.6682098765432098 0.7141203703703703
0 0.8010223765432098 0.5393518518518519 0.04031635802469136 0.05150462962962963 0.8121141975308642 0.5164930555555556 0.7928240740740741 0.5350115740740741 0.8196373456790124 0.5251736111111112 0.7970679012345679 0.5396412037037037 0.7924382716049383 0.5460069444444444 0.7826003086419753 0.5636574074074074
0 0.9052854938271605 0.4149305555555556 0.035493827160493825 0.1736111111111111 0.9130015432098766 0.3854166666666667 0.9168595679012346 0.4652777777777778 0.8950617283950617 0.3307291666666667 0.9126157407407407 0.4635416666666667 0.9130015432098766 0.4765625 0.9135802469135802 0.5011574074074074
0 0.7638888888888888 0.3216145833333333 0.08950617283950617 0.1310763888888889 0.7212577160493827 0.2572337962962963 0.7420910493827161 0.34056712962962965 0.8072916666666666 0.2942708333333333 0.7496141975308642 0.3420138888888889 0.7444058641975309 0.35445601851851855 0.7426697530864198 0.38252314814814814
0 0.09731867283950617 0.4419849537037037 0.016396604938271605 0.054108796296296294 -0.00019290123456790122 -0.00028935185185185184 -0.00019290123456790122 -0.00028935185185185184 -0.00019290123456790122 -0.00028935185185185184 -0.00019290123456790122 -0.00028935185185185184 -0.00019290123456790122 -0.00028935185185185184 -0.00019290123456790122 -0.00028935185185185184
