0 0.5868055555555556 0.7743055555555556 0.06751543209876543 0.22627314814814814 0.6197916666666666 0.7635995370370371 0.5889274691358025 0.8229166666666666 0.5841049382716049 0.6715856481481481 0.5837191358024691 0.8165509259259259 0.5817901234567902 0.8373842592592593 0.5673225308641975 0.8845486111111112
0 0.4912229938271605 0.8722511574074074 0.051118827160493825 0.06799768518518519 0.5158179012345679 0.8559027777777778 0.49537037037037035 0.8634259259259259 0.4947916666666667 0.8978587962962963 0.49710648148148145 0.8674768518518519 0.5054012345679012 0.8900462962962963 0.5152391975308642 0.9027777777777778
0 0.9811921296296297 0.4357638888888889 0.03684413580246913 0.24421296296296297 0.9990354938271605 0.4340277777777778 0.9812885802469136 0.4820601851851852 0.9992283950617284 0.3871527777777778 0.9770447530864198 0.4754050925925926 0.9758873456790124 0.4939236111111111 0.9662422839506173 0.5535300925925926
0 0.8043981481481481 0.2686631944444444 0.12384259259259259 0.22945601851851852 0.857445987654321 0.2835648148148148 0.8559027777777778 0.35300925925925924 0.7432484567901234 0.1701388888888889 0.845679012345679 0.3428819444444444 0.8468364197530864 0.37094907407407407 0.8358410493827161 0.37702546296296297
0 0.771508487654321 0.3777488425925926 0.06693672839506173 0.21325231481481483 0.7916666666666666 0.33101851851851855 0.7467206790123457 0.4351851851851852 0.8018904320987654 0.2760416666666667 0.7532793209876543 0.43721064814814814 0.7463348765432098 0.44502314814814814 0.7420910493827161 0.48061342592592593
0 0.5365547839506173 0.05642361111111111 0.17380401234567902 0.09259259259259259 0.6192129629629629 0.055266203703703706 0.6087962962962963 0.07957175925925926 0.45100308641975306 0.08015046296296297 0.5933641975308642 0.08072916666666667 0.6076388888888888 0.09577546296296297 0.6105324074074074 0.10127314814814815
0 0.3976658950617284 0.5112847222222222 0.06925154320987655 0.13078703703703703 0.3643904320987654 0.4710648148148148 0.3732638888888889 0.5364583333333334 0.4245756172839506 0.4574652777777778 0.3794367283950617 0.5445601851851852 0.3751929012345679 0.5639467592592593 0.3726851851851852 0.5734953703703703
0 0.318383487654321 0.40697337962962965 0.11863425925925926 0.23755787037037038 0.37191358024691357 0.3776041666666667 0.33757716049382713 0.45341435185185186 0.2644675925925926 0.29398148148148145 0.3246527777777778 0.4508101851851852 0.32677469135802467 0.47945601851851855 0.33641975308641975 0.5182291666666666
0 0.33024691358024694 0.35141782407407407 0.0787037037037037 0.3255208333333333 0.31828703703703703 0.40422453703703703 0.31114969135802467 0.4519675925925926 0.36323302469135804 0.19386574074074073 0.3161651234567901 0.44328703703703703 0.3119212962962963 0.4635416666666667 0.30941358024691357 0.5124421296296297
0 0.03308256172839506 0.69921875 0.06616512345679013 0.19010416666666666 0.0007716049382716049 0.6085069444444444 0.039544753086419755 0.6669560185185185 0.013695987654320988 0.7916666666666666 0.03684413580246913 0.6822916666666666 0.05073302469135803 0.7309027777777778 0.061921296296296294 0.7884837962962963
