0 0.5635609567901234 0.6106770833333334 0.11014660493827161 0.09866898148148148 -0.00019290123456790122 -0.00028935185185185184 -0.00019290123456790122 -0.00028935185185185184 -0.00019290123456790122 -0.00028935185185185184 -0.00019290123456790122 -0.00028935185185185184 -0.00019290123456790122 -0.00028935185185185184 -0.00019290123456790122 -0.00028935185185185184
0 0.43614969135802467 0.6763599537037037 0.08834876543209877 0.0998263888888889 -0.00019290123456790122 -0.00028935185185185184 -0.00019290123456790122 -0.00028935185185185184 -0.00019290123456790122 -0.00028935185185185184 -0.00019290123456790122 -0.00028935185185185184 -0.00019290123456790122 -0.00028935185185185184 -0.00019290123456790122 -0.00028935185185185184
0 0.4927662037037037 0.3804976851851852 0.16068672839506173 0.24594907407407407 0.5707947530864198 0.4097222222222222 0.5206404320987654 0.45601851851851855 0.4166666666666667 0.26359953703703703 0.5111882716049383 0.44907407407407407 0.5111882716049383 0.46672453703703703 0.4957561728395062 0.49681712962962965
0 0.6628086419753086 0.4029224537037037 0.11728395061728394 0.0865162037037037 0.6059027777777778 0.44212962962962965 0.6141975308641975 0.4207175925925926 0.7202932098765432 0.3819444444444444 0.6190200617283951 0.41724537037037035 0.6105324074074074 0.4184027777777778 0.607445987654321 0.41869212962962965
0 0.7966820987654321 0.4894386574074074 0.14853395061728394 0.21730324074074073 0.769483024691358 0.38425925925925924 0.7361111111111112 0.5205439814814815 0.8676697530864198 0.5951967592592593 0.7409336419753086 0.5370370370370371 0.7361111111111112 0.5494791666666666 0.7249228395061729 0.5943287037037037
0 0.9063464506172839 0.29108796296296297 0.1271219135802469 0.15046296296296297 0.8431712962962963 0.27199074074074076 0.8483796296296297 0.3394097222222222 0.9699074074074074 0.2193287037037037 0.8553240740740741 0.3402777777777778 0.8493441358024691 0.3509837962962963 0.8449074074074074 0.36255787037037035
0 0.31867283950617287 0.21686921296296297 0.031635802469135804 0.07609953703703703 0.3125 0.18431712962962962 0.33101851851851855 0.21585648148148148 0.30459104938271603 0.21730324074074073 0.33024691358024694 0.22366898148148148 0.330054012345679 0.23524305555555555 0.3298611111111111 0.2505787037037037
0 0.31712962962962965 0.17867476851851852 0.09104938271604938 0.15538194444444445 0.29012345679012347 0.10358796296296297 0.29224537037037035 0.21875 0.35223765432098764 0.22193287037037038 0.2991898148148148 0.22858796296296297 0.28838734567901236 0.23466435185185186 0.27372685185185186 0.25289351851851855
0 0.24585262345679013 0.6937210648148148 0.061535493827160496 0.14149305555555555 0.27488425925925924 0.6724537037037037 0.25945216049382713 0.7083333333333334 0.2183641975308642 0.6733217592592593 0.24440586419753085 0.7123842592592593 0.2503858024691358 0.7291666666666666 0.2559799382716049 0.7546296296296297
0 0.19116512345679013 0.4508101851851852 0.06635802469135803 0.19386574074074073 0.1857638888888889 0.4956597222222222 0.2029320987654321 0.5217013888888888 0.16184413580246915 0.35908564814814814 0.20582561728395063 0.5109953703703703 0.21122685185185186 0.5254629629629629 0.22318672839506173 0.5460069444444444
0 0.06298225308641975 0.45023148148148145 0.07542438271604938 0.2048611111111111 -0.00019290123456790122 -0.00028935185185185184 -0.00019290123456790122 -0.00028935185185185184 -0.00019290123456790122 -0.00028935185185185184 -0.00019290123456790122 -0.00028935185185185184 -0.00019290123456790122 -0.00028935185185185184 -0.00019290123456790122 -0.00028935185185185184
