0 0.5857445987654321 0.18229166666666666 0.03568672839506173 0.10821759259259259 0.578125 0.14467592592592593 0.5966435185185185 0.20399305555555555 0.5690586419753086 0.1417824074074074 0.591820987654321 0.2103587962962963 0.5839120370370371 0.2193287037037037 0.5723379629629629 0.2337962962962963
0 0.6032021604938271 0.0798611111111111 0.05594135802469136 0.1597222222222222 0.6234567901234568 0.0005787037037037037 0.6232638888888888 0.03819444444444445 0.5927854938271605 0.0023148148148148147 0.6059027777777778 0.05497685185185185 0.6043595679012346 0.08998842592592593 0.5910493827160493 0.1472800925925926
0 0.49353780864197533 0.31438078703703703 0.03915895061728395 0.1796875 0.4849537037037037 0.22685185185185186 0.4810956790123457 0.34751157407407407 0.5061728395061729 0.28096064814814814 0.4866898148148148 0.3683449074074074 0.48726851851851855 0.38570601851851855 0.4859182098765432 0.4007523148148148
0 0.44926697530864196 0.49580439814814814 0.10108024691358025 0.0876736111111111 -0.00019290123456790122 -0.00028935185185185184 -0.00019290123456790122 -0.00028935185185185184 -0.00019290123456790122 -0.00028935185185185184 -0.00019290123456790122 -0.00028935185185185184 -0.00019290123456790122 -0.00028935185185185184 -0.00019290123456790122 -0.00028935185185185184
0 0.37287808641975306 0.6082175925925926 0.030478395061728395 0.08217592592592593 0.36419753086419754 0.5951967592592593 0.36651234567901236 0.6238425925925926 0.38348765432098764 0.5943287037037037 0.37037037037037035 0.6365740740740741 0.3751929012345679 0.6325231481481481 0.38040123456790126 0.6435185185185185
0 0.49691358024691357 0.6676793981481481 0.059027777777777776 0.17390046296296297 0.5260416666666666 0.6588541666666666 0.4834104938271605 0.7309027777777778 0.5059799382716049 0.5830439814814815 0.4866898148148148 0.7254050925925926 0.4820601851851852 0.7274305555555556 0.47608024691358025 0.7207754629629629
0 0.3435570987654321 0.7987557870370371 0.05439814814814815 0.1362847222222222 0.3445216049382716 0.8188657407407407 0.3611111111111111 0.8602430555555556 0.3175154320987654 0.7337962962962963 0.3620756172839506 0.8570601851851852 0.3636188271604938 0.8628472222222222 0.3653549382716049 0.8657407407407407
0 0.40084876543209874 0.8311631944444444 0.031635802469135804 0.0876736111111111 -0.00019290123456790122 -0.00028935185185185184 -0.00019290123456790122 -0.00028935185185185184 -0.00019290123456790122 -0.00028935185185185184 -0.00019290123456790122 -0.00028935185185185184 -0.00019290123456790122 -0.00028935185185185184 -0.00019290123456790122 -0.00028935185185185184
0 0.7720871913580247 0.8563368055555556 0.06963734567901235 0.08304398148148148 -0.00019290123456790122 -0.00028935185185185184 -0.00019290123456790122 -0.00028935185185185184 -0.00019290123456790122 -0.00028935185185185184 -0.00019290123456790122 -0.00028935185185185184 -0.00019290123456790122 -0.00028935185185185184 -0.00019290123456790122 -0.00028935185185185184
0 0.7125771604938271 0.7456597222222222 0.0628858024691358 0.13599537037037038 -0.00019290123456790122 -0.00028935185185185184 -0.00019290123456790122 -0.00028935185185185184 -0.00019290123456790122 -0.00028935185185185184 -0.00019290123456790122 -0.00028935185185185184 -0.00019290123456790122 -0.00028935185185185184 -0.00019290123456790122 -0.00028935185185185184
0 0.6676311728395061 0.7686631944444444 0.03665123456790124 0.1171875 0.6824845679012346 0.7178819444444444 0.652391975308642 0.8133680555555556 0.6842206790123457 0.7118055555555556 0.660108024691358 0.8127893518518519 0.6624228395061729 0.8188657407407407 0.6697530864197531 0.8234953703703703
