0 0.20968364197530864 0.42433449074074076 0.16589506172839505 0.18431712962962962 0.2204861111111111 0.33796296296296297 0.23013117283950618 0.4383680555555556 0.13020833333333334 0.4597800925925926 0.23148148148148148 0.4620949074074074 0.24382716049382716 0.46846064814814814 0.28684413580246915 0.5115740740740741
0 0.09268904320987655 0.4292534722222222 0.04070216049382716 0.12702546296296297 0.07388117283950617 0.41724537037037035 0.09799382716049383 0.4771412037037037 0.10108024691358025 0.3695023148148148 0.10108024691358025 0.47945601851851855 0.10108024691358025 0.48640046296296297 0.10300925925925926 0.4913194444444444
0 0.37741126543209874 0.5630787037037037 0.06500771604938271 0.1400462962962963 0.3611111111111111 0.5321180555555556 0.3715277777777778 0.6203703703703703 0.36921296296296297 0.4973958333333333 0.3740354938271605 0.6122685185185185 0.38233024691358025 0.6226851851851852 0.4070216049382716 0.6244212962962963
0 0.43971836419753085 0.5489004629629629 0.029513888888888888 0.04224537037037037 0.4263117283950617 0.5500578703703703 0.44772376543209874 0.5532407407407407 0.44463734567901236 0.5326967592592593 0.4515817901234568 0.5535300925925926 0.45023148148148145 0.5625 0.44849537037037035 0.5677083333333334
0 0.42052469135802467 0.4184027777777778 0.02970679012345679 0.11631944444444445 0.4166666666666667 0.3975694444444444 0.43036265432098764 0.4670138888888889 0.41261574074074076 0.3637152777777778 0.43113425925925924 0.4592013888888889 0.43094135802469136 0.4713541666666667 0.43113425925925924 0.4754050925925926
0 0.5495756172839507 0.40205439814814814 0.13618827160493827 0.18778935185185186 0.5154320987654321 0.3524305555555556 0.5597993827160493 0.42332175925925924 0.4834104938271605 0.3125 0.5551697530864198 0.43605324074074076 0.5680941358024691 0.4496527777777778 0.6165123456790124 0.4866898148148148
0 0.5827546296296297 0.4691840277777778 0.1574074074074074 0.3214699074074074 0.5067515432098766 0.44936342592592593 0.5717592592592593 0.5231481481481481 0.6010802469135802 0.31539351851851855 0.589891975308642 0.5185185185185185 0.5929783950617284 0.5410879629629629 0.6589506172839507 0.6273148148148148
0 0.830054012345679 0.4140625 0.1882716049382716 0.3616898148148148 0.8402777777777778 0.41724537037037035 0.8688271604938271 0.5127314814814815 0.7409336419753086 0.24189814814814814 0.8688271604938271 0.5049189814814815 0.8746141975308642 0.5173611111111112 0.9220679012345679 0.5888310185185185
0 0.8631365740740741 0.3441840277777778 0.10435956790123457 0.19299768518518517 0.8699845679012346 0.26765046296296297 0.8804012345679012 0.37905092592592593 0.8221450617283951 0.2560763888888889 0.8877314814814815 0.37962962962962965 0.8917824074074074 0.39207175925925924 0.9118441358024691 0.43721064814814814
0 0.2933063271604938 0.22497106481481483 0.1572145061728395 0.13686342592592593 0.3387345679012346 0.21354166666666666 0.36709104938271603 0.2586805555555556 0.21585648148148148 0.16956018518518517 0.3566743827160494 0.25202546296296297 0.36670524691358025 0.2745949074074074 0.3697916666666667 0.2899305555555556
0 0.6189236111111112 0.07740162037037036 0.06462191358024691 0.15480324074074073 0.6344521604938271 0.0008680555555555555 0.644483024691358 0.07523148148148148 0.6141975308641975 0.0026041666666666665 0.6375385802469136 0.08680555555555555 0.6398533950617284 0.10590277777777778 0.6317515432098766 0.14988425925925927
0 0.8017939814814815 0.048900462962962965 0.044174382716049385 0.09780092592592593 0.7837577160493827 0.0014467592592592592 0.7874228395061729 0.054108796296296294 0.8221450617283951 0.0005787037037037037 0.7980324074074074 0.06510416666666667 0.7961033950617284 0.08362268518518519 0.796875 0.09346064814814815
0 0.9046103395061729 0.06901041666666667 0.03761574074074074 0.11834490740740741 0.8877314814814815 0.05295138888888889 0.9064429012345679 0.11342592592592593 0.904320987654321 0.014467592592592593 0.9097222222222222 0.11284722222222222 0.908179012345679 0.1171875 0.9087577160493827 0.12413194444444445
0 0.5190007716049383 0.8491030092592593 0.17611882716049382 0.1189236111111111 -0.00019290123456790122 -0.00028935185185185184 -0.00019290123456790122 -0.00028935185185185184 -0.00019290123456790122 -0.00028935185185185184 -0.00019290123456790122 -0.00028935185185185184 -0.00019290123456790122 -0.00028935185185185184 -0.00019290123456790122 -0.00028935185185185184
0 0.6182484567901234 0.7842881944444444 0.07330246913580248 0.25376157407407407 0.591820987654321 0.7745949074074074 0.6309799382716049 0.8585069444444444 0.6016589506172839 0.6614583333333334 0.6319444444444444 0.8518518518518519 0.6298225308641975 0.8674768518518519 0.6244212962962963 0.9048032407407407
0 0.6937692901234568 0.9416956018518519 0.029513888888888888 0.1166087962962963 -0.00019290123456790122 -0.00028935185185185184 -0.00019290123456790122 -0.00028935185185185184 -0.00019290123456790122 -0.00028935185185185184 -0.00019290123456790122 -0.00028935185185185184 -0.00019290123456790122 -0.00028935185185185184 -0.00019290123456790122 -0.00028935185185185184
0 0.7348572530864198 0.9075520833333334 0.04070216049382716 0.1831597222222222 -0.00019290123456790122 -0.00028935185185185184 -0.00019290123456790122 -0.00028935185185185184 -0.00019290123456790122 -0.00028935185185185184 -0.00019290123456790122 -0.00028935185185185184 -0.00019290123456790122 -0.00028935185185185184 -0.00019290123456790122 -0.00028935185185185184
0 0.17698688271604937 0.9254918981481481 0.045717592592592594 0.11313657407407407 -0.00019290123456790122 -0.00028935185185185184 -0.00019290123456790122 -0.00028935185185185184 -0.00019290123456790122 -0.00028935185185185184 -0.00019290123456790122 -0.00028935185185185184 -0.00019290123456790122 -0.00028935185185185184 -0.00019290123456790122 -0.00028935185185185184
