0 0.058834876543209874 0.9327256944444444 0.11766975308641975 0.1339699074074074 -0.00019290123456790122 -0.00028935185185185184 -0.00019290123456790122 -0.00028935185185185184 -0.00019290123456790122 -0.00028935185185185184 -0.00019290123456790122 -0.00028935185185185184 -0.00019290123456790122 -0.00028935185185185184 -0.00019290123456790122 -0.00028935185185185184
0 0.3292824074074074 0.6814236111111112 0.1076388888888889 0.27546296296296297 -0.00019290123456790122 -0.00028935185185185184 -0.00019290123456790122 -0.00028935185185185184 -0.00019290123456790122 -0.00028935185185185184 -0.00019290123456790122 -0.00028935185185185184 -0.00019290123456790122 -0.00028935185185185184 -0.00019290123456790122 -0.00028935185185185184
0 0.42679398148148145 0.9207175925925926 0.03530092592592592 0.09895833333333333 -0.00019290123456790122 -0.00028935185185185184 -0.00019290123456790122 -0.00028935185185185184 -0.00019290123456790122 -0.00028935185185185184 -0.00019290123456790122 -0.00028935185185185184 -0.00019290123456790122 -0.00028935185185185184 -0.00019290123456790122 -0.00028935185185185184
0 0.5930748456790124 0.9606481481481481 0.05381944444444445 0.0787037037037037 -0.00019290123456790122 -0.00028935185185185184 -0.00019290123456790122 -0.00028935185185185184 -0.00019290123456790122 -0.00028935185185185184 -0.00019290123456790122 -0.00028935185185185184 -0.00019290123456790122 -0.00028935185185185184 -0.00019290123456790122 -0.00028935185185185184
0 0.6929012345679012 0.5099826388888888 0.15895061728395063 0.29890046296296297 0.6772762345679012 0.5850694444444444 0.7376543209876543 0.5830439814814815 0.6165123456790124 0.36516203703703703 0.7312885802469136 0.5627893518518519 0.748070987654321 0.5868055555555556 0.7648533950617284 0.6539351851851852
0 0.6151620370370371 0.4861111111111111 0.2789351851851852 0.4409722222222222 0.7521219135802469 0.27025462962962965 0.6315586419753086 0.5700231481481481 0.4799382716049383 0.5289351851851852 0.6143904320987654 0.6111111111111112 0.6124614197530864 0.6420717592592593 0.6035879629629629 0.6973379629629629
0 0.6807484567901234 0.21686921296296297 0.2743055555555556 0.43373842592592593 0.8103780864197531 0.005497685185185185 0.7744984567901234 0.22251157407407407 0.5524691358024691 0.0 0.7588734567901234 0.26591435185185186 0.7700617283950617 0.2873263888888889 0.7791280864197531 0.4291087962962963
0 0.13059413580246915 0.19907407407407407 0.13464506172839505 0.38483796296296297 0.19425154320987653 0.020543981481481483 0.17496141975308643 0.1892361111111111 0.07503858024691358 0.2199074074074074 0.16454475308641975 0.1958912037037037 0.171875 0.22366898148148148 0.1724537037037037 0.3784722222222222
0 0.28250385802469136 0.2622974537037037 0.07079475308641975 0.31626157407407407 0.27411265432098764 0.22685185185185186 0.3072916666666667 0.32320601851851855 0.2503858024691358 0.1099537037037037 0.2978395061728395 0.33101851851851855 0.30478395061728397 0.35561342592592593 0.30960648148148145 0.4157986111111111
0 0.4435763888888889 0.23191550925925927 0.054205246913580245 0.1333912037037037 -0.00019290123456790122 -0.00028935185185185184 -0.00019290123456790122 -0.00028935185185185184 -0.00019290123456790122 -0.00028935185185185184 -0.00019290123456790122 -0.00028935185185185184 -0.00019290123456790122 -0.00028935185185185184 -0.00019290123456790122 -0.00028935185185185184
0 0.38503086419753085 0.2586805555555556 0.02854938271604938 0.0931712962962963 -0.00019290123456790122 -0.00028935185185185184 -0.00019290123456790122 -0.00028935185185185184 -0.00019290123456790122 -0.00028935185185185184 -0.00019290123456790122 -0.00028935185185185184 -0.00019290123456790122 -0.00028935185185185184 -0.00019290123456790122 -0.00028935185185185184
