0 0.2183641975308642 0.07002314814814815 0.0783179012345679 0.1388888888888889 0.2170138888888889 0.006944444444444444 0.2534722222222222 0.09751157407407407 0.18306327160493827 0.036458333333333336 0.24672067901234568 0.10734953703703703 0.2496141975308642 0.12413194444444445 0.25135030864197533 0.1371527777777778
0 0.016685956790123458 0.9304108796296297 0.033371913580246916 0.08883101851851852 -0.00019290123456790122 -0.00028935185185185184 -0.00019290123456790122 -0.00028935185185185184 -0.00019290123456790122 -0.00028935185185185184 -0.00019290123456790122 -0.00028935185185185184 -0.00019290123456790122 -0.00028935185185185184 -0.00019290123456790122 -0.00028935185185185184
0 0.39448302469135804 0.8618344907407407 0.1412037037037037 0.21383101851851852 0.3256172839506173 0.7575231481481481 0.38850308641975306 0.8987268518518519 0.4627700617283951 0.8232060185185185 0.39834104938271603 0.9108796296296297 0.3956404320987654 0.9247685185185185 0.38850308641975306 0.9638310185185185
0 0.5140817901234568 0.9403935185185185 0.06404320987654322 0.11921296296296297 -0.00019290123456790122 -0.00028935185185185184 -0.00019290123456790122 -0.00028935185185185184 -0.00019290123456790122 -0.00028935185185185184 -0.00019290123456790122 -0.00028935185185185184 -0.00019290123456790122 -0.00028935185185185184 -0.00019290123456790122 -0.00028935185185185184
0 0.6005015432098766 0.95703125 0.02546296296296296 0.033275462962962965 -0.00019290123456790122 -0.00028935185185185184 -0.00019290123456790122 -0.00028935185185185184 -0.00019290123456790122 -0.00028935185185185184 -0.00019290123456790122 -0.00028935185185185184 -0.00019290123456790122 -0.00028935185185185184 -0.00019290123456790122 -0.00028935185185185184
0 0.6295331790123457 0.8754340277777778 0.017939814814814815 0.10445601851851852 -0.00019290123456790122 -0.00028935185185185184 -0.00019290123456790122 -0.00028935185185185184 -0.00019290123456790122 -0.00028935185185185184 -0.00019290123456790122 -0.00028935185185185184 -0.00019290123456790122 -0.00028935185185185184 -0.00019290123456790122 -0.00028935185185185184
0 0.6880787037037037 0.8864293981481481 0.013117283950617283 0.06741898148148148 -0.00019290123456790122 -0.00028935185185185184 -0.00019290123456790122 -0.00028935185185185184 -0.00019290123456790122 -0.00028935185185185184 -0.00019290123456790122 -0.00028935185185185184 -0.00019290123456790122 -0.00028935185185185184 -0.00019290123456790122 -0.00028935185185185184
0 0.7583912037037037 0.9065393518518519 0.06114969135802469 0.15104166666666666 0.7295524691358025 0.8350694444444444 0.765625 0.8885995370370371 0.7285879629629629 0.8807870370370371 0.7768132716049383 0.9348958333333334 0.7750771604938271 0.9554398148148148 0.7856867283950617 0.9785879629629629
0 0.9264081790123457 0.5044849537037037 0.14718364197530864 0.3203125 0.9990354938271605 0.3851273148148148 0.9830246913580247 0.5772569444444444 0.8545524691358025 0.3489583333333333 0.9704861111111112 0.5815972222222222 0.9718364197530864 0.6114004629629629 0.9722222222222222 0.6605902777777778
0 0.5829475308641975 0.2495659722222222 0.08796296296296297 0.3822337962962963 0.5912422839506173 0.2092013888888889 0.6244212962962963 0.33130787037037035 0.5420524691358025 0.06568287037037036 0.6163194444444444 0.3307291666666667 0.6170910493827161 0.3605324074074074 0.6188271604938271 0.4322916666666667
0 0.36853780864197533 0.5610532407407407 0.14371141975308643 0.2199074074074074 0.40142746913580246 0.6223958333333334 0.41184413580246915 0.6579861111111112 0.2993827160493827 0.4586226851851852 0.41724537037037035 0.6484375 0.42766203703703703 0.6603009259259259 0.4363425925925926 0.6666666666666666
0 0.27989969135802467 0.5920138888888888 0.038580246913580245 0.27662037037037035 0.29128086419753085 0.5066550925925926 0.27391975308641975 0.6686921296296297 0.2972608024691358 0.4574652777777778 0.2810570987654321 0.6660879629629629 0.2808641975308642 0.6848958333333334 0.2775848765432099 0.7280092592592593
0 0.05237268518518518 0.41044560185185186 0.05536265432098766 0.18431712962962962 0.03375771604938271 0.3211805555555556 0.051118827160493825 0.4166666666666667 0.06809413580246913 0.4230324074074074 0.03568672839506173 0.48900462962962965 0.03375771604938271 0.4904513888888889 0.025655864197530864 0.4994212962962963
