0 0.171875 0.09577546296296297 0.07600308641975309 0.19155092592592593 0.1722608024691358 0.09375 0.19675925925925927 0.14756944444444445 0.13831018518518517 0.002025462962962963 0.19675925925925927 0.15711805555555555 0.19984567901234568 0.1623263888888889 0.20775462962962962 0.1875
0 0.5380979938271605 0.6481481481481481 0.15142746913580246 0.19386574074074073 0.5281635802469136 0.5590277777777778 0.5715663580246914 0.6585648148148148 0.4675925925925926 0.5769675925925926 0.5680941358024691 0.6678240740740741 0.5788966049382716 0.6903935185185185 0.6105324074074074 0.7384259259259259
0 0.33468364197530864 0.4375 0.13310185185185186 0.24421296296296297 0.36747685185185186 0.3637152777777778 0.38252314814814814 0.4754050925925926 0.27179783950617287 0.32494212962962965 0.3738425925925926 0.4855324074074074 0.38155864197530864 0.4994212962962963 0.3966049382716049 0.5538194444444444
0 0.34616126543209874 0.24146412037037038 0.13869598765432098 0.37876157407407407 0.3368055555555556 0.059895833333333336 0.34760802469135804 0.25376157407407407 0.2814429012345679 0.1941550925925926 0.34664351851851855 0.30960648148148145 0.3620756172839506 0.33391203703703703 0.4087577160493827 0.4253472222222222
0 0.4913194444444444 0.2355324074074074 0.06365740740740741 0.2644675925925926 0.4710648148148148 0.10648148148148148 0.4807098765432099 0.16435185185185186 0.484375 0.16869212962962962 0.49189814814814814 0.2589699074074074 0.4955632716049383 0.2800925925925926 0.5185185185185185 0.36429398148148145
0 0.3878279320987654 0.6514756944444444 0.08777006172839506 0.1652199074074074 0.3586033950617284 0.5862268518518519 0.41300154320987653 0.6756365740740741 0.3462577160493827 0.5729166666666666 0.4068287037037037 0.6927083333333334 0.41647376543209874 0.7054398148148148 0.42843364197530864 0.7306134259259259
0 0.9629629629629629 0.6594328703703703 0.07407407407407407 0.25289351851851855 0.9268904320987654 0.5390625 0.9729938271604939 0.6414930555555556 0.9942129629629629 0.6284722222222222 0.9868827160493827 0.7051504629629629 0.9945987654320988 0.7254050925925926 0.9994212962962963 0.7751736111111112
0 0.8255208333333334 0.42433449074074076 0.13136574074074073 0.40827546296296297 0.7727623456790124 0.2991898148148148 0.7934027777777778 0.43605324074074076 0.8881172839506173 0.22800925925925927 0.8063271604938271 0.45457175925925924 0.7995756172839507 0.47945601851851855 0.7660108024691358 0.6244212962962963
0 0.8626543209876543 0.38310185185185186 0.07291666666666667 0.33101851851851855 0.8603395061728395 0.3449074074074074 0.888695987654321 0.4236111111111111 0.8391203703703703 0.22569444444444445 0.8807870370370371 0.43952546296296297 0.8825231481481481 0.47858796296296297 0.8614969135802469 0.5410879629629629
0 0.8618827160493827 0.1662326388888889 0.0775462962962963 0.16984953703703703 0.8277391975308642 0.08854166666666667 0.8524305555555556 0.19068287037037038 0.8931327160493827 0.11053240740740741 0.8601466049382716 0.19126157407407407 0.8611111111111112 0.21498842592592593 0.8678626543209876 0.2488425925925926
0 0.5074266975308642 0.1189236111111111 0.11323302469135803 0.19675925925925927 0.5578703703703703 0.02662037037037037 0.5412808641975309 0.14583333333333334 0.4521604938271605 0.08362268518518519 0.5308641975308642 0.15914351851851852 0.5383873456790124 0.1808449074074074 0.5383873456790124 0.2097800925925926
