0 0.05603780864197531 0.11805555555555555 0.11207561728395062 0.1880787037037037 -0.00019290123456790122 -0.00028935185185185184 -0.00019290123456790122 -0.00028935185185185184 -0.00019290123456790122 -0.00028935185185185184 -0.00019290123456790122 -0.00028935185185185184 -0.00019290123456790122 -0.00028935185185185184 -0.00019290123456790122 -0.00028935185185185184
0 0.05217978395061729 0.3683449074074074 0.10435956790123457 0.1724537037037037 -0.00019290123456790122 -0.00028935185185185184 -0.00019290123456790122 -0.00028935185185185184 -0.00019290123456790122 -0.00028935185185185184 -0.00019290123456790122 -0.00028935185185185184 -0.00019290123456790122 -0.00028935185185185184 -0.00019290123456790122 -0.00028935185185185184
0 0.32590663580246915 0.9526909722222222 0.16608796296296297 0.09461805555555555 -0.00019290123456790122 -0.00028935185185185184 -0.00019290123456790122 -0.00028935185185185184 -0.00019290123456790122 -0.00028935185185185184 -0.00019290123456790122 -0.00028935185185185184 -0.00019290123456790122 -0.00028935185185185184 -0.00019290123456790122 -0.00028935185185185184
0 0.34056712962962965 0.3428819444444444 0.09278549382716049 0.1886574074074074 0.2962962962962963 0.2673611111111111 0.3506944444444444 0.375 0.38040123456790126 0.25462962962962965 0.3645833333333333 0.37702546296296297 0.36689814814814814 0.39525462962962965 0.3734567901234568 0.4322916666666667
0 0.4443479938271605 0.23741319444444445 0.09239969135802469 0.2554976851851852 -0.00019290123456790122 -0.00028935185185185184 -0.00019290123456790122 -0.00028935185185185184 -0.00019290123456790122 -0.00028935185185185184 -0.00019290123456790122 -0.00028935185185185184 -0.00019290123456790122 -0.00028935185185185184 -0.00019290123456790122 -0.00028935185185185184
0 0.4444444444444444 0.3819444444444444 0.03433641975308642 0.08159722222222222 0.43016975308641975 0.3446180555555556 0.44675925925925924 0.40046296296296297 0.435570987654321 0.3582175925925926 0.4488811728395062 0.3990162037037037 0.44733796296296297 0.4074074074074074 0.4538966049382716 0.41377314814814814
0 0.4148341049382716 0.41724537037037035 0.0931712962962963 0.2037037037037037 0.3690200617283951 0.3203125 0.4278549382716049 0.4696180555555556 0.3722993827160494 0.32233796296296297 0.43267746913580246 0.47077546296296297 0.4382716049382716 0.4835069444444444 0.45601851851851855 0.5159143518518519
0 0.4176311728395062 0.5632233796296297 0.06867283950617284 0.20283564814814814 0.3856095679012346 0.5402199074074074 0.43344907407407407 0.6290509259259259 0.4203317901234568 0.46556712962962965 0.4419367283950617 0.6316550925925926 0.44598765432098764 0.6449652777777778 0.4486882716049383 0.6591435185185185
0 0.4689429012345679 0.6209490740740741 0.12962962962962962 0.1545138888888889 0.5326003086419753 0.5477430555555556 0.5079089506172839 0.6655092592592593 0.40625 0.5969328703703703 0.49691358024691357 0.6663773148148148 0.5030864197530864 0.6759259259259259 0.5148533950617284 0.6872106481481481
0 0.5790895061728395 0.6724537037037037 0.03009259259259259 0.07696759259259259 0.5925925925925926 0.6388888888888888 0.5814043209876543 0.6918402777777778 0.5657793209876543 0.6657986111111112 0.5729166666666666 0.6984953703703703 0.5754243827160493 0.7034143518518519 0.5763888888888888 0.7077546296296297
0 0.49864969135802467 0.3314525462962963 0.04089506172839506 0.1941550925925926 0.4832175925925926 0.24131944444444445 0.5057870370370371 0.38570601851851855 0.4834104938271605 0.23668981481481483 0.5011574074074074 0.3833912037037037 0.5021219135802469 0.3883101851851852 0.5005787037037037 0.42505787037037035
0 0.7024498456790124 0.9087094907407407 0.04841820987654321 0.08478009259259259 0.7251157407407407 0.8677662037037037 0.7033179012345679 0.9377893518518519 0.703125 0.9094328703703703 0.6965663580246914 0.9421296296296297 0.6923225308641975 0.9458912037037037 0.6815200617283951 0.9473379629629629
0 0.634741512345679 0.7141203703703703 0.05343364197530864 0.18460648148148148 0.6340663580246914 0.6244212962962963 0.6506558641975309 0.71875 0.611304012345679 0.6883680555555556 0.6547067901234568 0.7688078703703703 0.6568287037037037 0.7887731481481481 0.6577932098765432 0.8015046296296297
0 0.5833333333333334 0.42259837962962965 0.041666666666666664 0.08709490740740741 -0.00019290123456790122 -0.00028935185185185184 -0.00019290123456790122 -0.00028935185185185184 -0.00019290123456790122 -0.00028935185185185184 -0.00019290123456790122 -0.00028935185185185184 -0.00019290123456790122 -0.00028935185185185184 -0.00019290123456790122 -0.00028935185185185184
